0.18102414906024933
0.1814628392457962
0.18484948575496674
0.18243663012981415
0.17888204753398895
0.1795760840177536
0.17989395558834076
0.1834886074066162
0.1834012269973755
0.1825682818889618
0.18793167173862457
0.1790493279695511
0.22712193429470062
0.17852672934532166
0.17852100729942322
0.1791895478963852
0.18140311539173126
0.18081974983215332
0.17804011702537537
0.18436390161514282
0.17916922271251678
0.18362851440906525
0.18011097609996796
0.1747015416622162
0.1773643046617508
0.1860128492116928
0.17956073582172394
0.19244961440563202
0.2003251165151596
0.2104979008436203
0.19551341235637665
0.20957034826278687
0.19739456474781036
0.2007167786359787
0.18327917158603668
0.18251052498817444
0.18047332763671875
0.1751112937927246
0.17657554149627686
0.1892586499452591
0.19927795231342316
0.18432404100894928
0.2079954743385315
0.19010266661643982
0.1897161304950714
0.18218329548835754
0.1893450915813446
0.1768781691789627
0.1791032999753952
0.1779634952545166
0.18252313137054443
0.17997001111507416
0.18363437056541443
0.19336572289466858
0.19565364718437195
0.19118724763393402
0.1912141889333725
0.1853661686182022
0.18250277638435364
0.19487524032592773
0.18307843804359436
0.19241158664226532
0.19925926625728607
0.20049579441547394
0.18008919060230255
0.2049495428800583
0.17778624594211578
0.20491954684257507
0.18196465075016022
0.1826765239238739
0.17663492262363434
0.1814199835062027
0.1804933249950409
0.178414449095726
0.20350566506385803
0.1818375438451767
0.18240416049957275
0.18010768294334412
0.17639467120170593
0.19293084740638733
0.1768198162317276
0.1850428730249405
0.17728911340236664
0.17894971370697021
0.18562822043895721
0.1838328093290329
0.17852893471717834
0.18215079605579376
0.17605142295360565
0.17736895382404327
0.17699453234672546
0.17983241379261017
0.17969024181365967
0.1754896640777588
0.1796393245458603
0.19718019664287567
0.17642399668693542
0.17662584781646729
0.17864783108234406
0.17759329080581665
0.18014244735240936
0.1792774498462677
0.17652283608913422
0.18021872639656067
0.1907617598772049
0.18255650997161865
0.18102625012397766
0.19372019171714783
0.18268650770187378
0.17864978313446045
0.18418629467487335
0.1822044998407364
0.1790938675403595
0.17772126197814941
0.1767585724592209
0.1779504120349884
0.17992214858531952
0.1780587136745453
0.17808189988136292
0.17991101741790771
0.185507133603096
0.17702998220920563
0.18292096257209778
0.17958100140094757
0.18542426824569702
0.18788965046405792
0.18048830330371857
0.1804215908050537
0.18867166340351105
0.18140240013599396
0.18801286816596985
0.1813051849603653
0.17731690406799316
0.1785578727722168
0.17806968092918396
0.17987202107906342
0.19141903519630432
0.1747647374868393
0.17853078246116638
0.1772228628396988
0.17863379418849945
0.1764633059501648
0.1780538707971573
0.1810518503189087
0.17594259977340698
0.18500041961669922
0.1886371225118637
0.1898403763771057
0.1874789148569107
0.1808328628540039
0.18155750632286072
0.19089630246162415
0.1770591139793396
0.19170436263084412
0.17512446641921997
0.1756802201271057
0.17509859800338745
0.18185259401798248
0.1813695728778839
0.1790066808462143
0.1824023425579071
0.18022355437278748
0.185655415058136
0.1882977932691574
0.18422281742095947
0.17688733339309692
0.17687296867370605
0.18428930640220642
0.18802237510681152
0.17676512897014618
0.17637942731380463
0.17716914415359497
0.18241353332996368
0.1752743422985077
0.17501094937324524
0.18955259025096893
0.18408644199371338
0.17167489230632782
0.17676585912704468
0.17579570412635803
0.18520000576972961
0.18715576827526093
0.1770566999912262
0.1800861805677414
0.17854468524456024
0.18069030344486237
0.17345306277275085
0.17656509578227997
0.17863218486309052
0.18344327807426453
0.17972978949546814
0.17703768610954285
0.1779569685459137
0.175475612282753
0.17717596888542175
0.1776193380355835
0.18924638628959656
0.18172970414161682
0.18076512217521667
0.1822419911623001
0.17795434594154358
0.1802045702934265
0.18563400208950043
0.18532975018024445
0.18015779554843903
0.18665172159671783
0.17798128724098206
0.18190614879131317
0.176511749625206
0.18548698723316193
0.19533942639827728
0.17823690176010132
0.17843981087207794
0.1781928986310959
0.1841680109500885
0.18349958956241608
0.1797122359275818
0.1824932098388672
0.19184719026088715
0.18746255338191986
0.1784467101097107
0.18109536170959473
0.17851907014846802
0.178617462515831
0.17968834936618805
0.1842019259929657
0.18163378536701202
0.18140791356563568
0.18385186791419983
0.1817934215068817
0.1814502328634262
0.1761607825756073
0.17741379141807556
0.18176588416099548
0.18014387786388397
0.17775100469589233
0.17874714732170105
0.176039919257164
0.1800776869058609
0.20264102518558502
0.17397817969322205
0.1791113168001175
0.18450629711151123
0.18136170506477356
0.17470745742321014
0.18615536391735077
0.1800597906112671
0.1765185296535492
0.19327276945114136
0.1808454394340515
0.18311984837055206
0.19461356103420258
0.1789630800485611
0.17940053343772888
0.1813536137342453
0.17988771200180054
0.1924421489238739
0.1800999492406845
0.18111827969551086
0.17748700082302094
0.1799554079771042
0.17896868288516998
0.17945989966392517
0.18634624779224396
0.1851530522108078
0.17865300178527832
0.17839626967906952
0.17987705767154694
0.1779654175043106
0.17905865609645844
0.17755119502544403
0.18921244144439697
0.1836027055978775
0.1836315542459488
0.177173912525177
0.18586735427379608
0.18371249735355377
0.18188072741031647
0.1902284324169159
0.1879737824201584
0.2001919150352478
0.1745912879705429
0.17395032942295074
0.1966158151626587
0.185993954539299
0.1837758719921112
0.18522456288337708
0.176842600107193
0.17958931624889374
0.1774073988199234
0.1802663654088974
0.18344047665596008
0.1783674955368042
0.1798812597990036
0.1795629858970642
0.1887928694486618
0.17822183668613434
0.19177548587322235
0.17846797406673431
0.18861298263072968
0.17509549856185913
0.19180195033550262
0.19698461890220642
0.182204008102417
0.17306143045425415
0.1769711971282959
0.17636145651340485
0.18269036710262299
0.19440482556819916
0.17987357079982758
0.1756897270679474
0.19019721448421478
0.17998895049095154
0.18608181178569794
0.1888713240623474
0.19558587670326233
0.17389966547489166
0.18590815365314484
0.2043655961751938
0.1906447410583496
0.18728768825531006
0.1777593493461609
0.19544550776481628
0.17962227761745453
0.18695977330207825
0.17701272666454315
0.17685244977474213
0.17951637506484985
0.1830654889345169
0.1860034167766571
0.18574945628643036
0.18554820120334625
0.1783524602651596
0.17429175972938538
0.180158331990242
0.17445692420005798
0.17751139402389526
0.19815829396247864
0.18120433390140533
0.20190876722335815
0.18023177981376648
0.17734256386756897
0.1749124377965927
0.17278318107128143
0.17870764434337616
0.18934324383735657
0.1816139817237854
0.1748318076133728
0.17657479643821716
0.19174860417842865
0.17403334379196167
0.17120492458343506
0.17489618062973022
0.1751491278409958
0.19088061153888702
0.17743900418281555
0.18637202680110931
0.1854577511548996
0.1937905102968216
0.1849098950624466
0.1815955936908722
0.17404626309871674
0.17529095709323883
0.20885887742042542
0.182586669921875
0.17894309759140015
0.177507683634758
0.18916775286197662
0.17741906642913818
0.1798105239868164
0.17785976827144623
0.17909832298755646
0.19146974384784698
0.17827199399471283
0.18589341640472412
0.17689788341522217
0.19100412726402283
0.18942293524742126
0.20916926860809326
0.2091841697692871
0.19332000613212585
0.18188728392124176
0.18326374888420105
0.1860356479883194
0.17700138688087463
0.18452486395835876
0.19515296816825867
0.18295030295848846
0.18012554943561554
0.18240471184253693
0.2032858431339264
0.19779320061206818
0.18768508732318878
0.1839618980884552
0.1757175177335739
0.18262426555156708
0.1790824830532074
0.1816699504852295
0.1821712851524353
0.17493116855621338
0.17491160333156586
0.1783236712217331
0.17955563962459564
0.18257804214954376
0.19157013297080994
0.1801944077014923
0.17944464087486267
0.17424984276294708
0.18842966854572296
0.1777208149433136
0.17727242410182953
0.17661333084106445
0.17735007405281067
0.17990782856941223
0.1802368462085724
0.2030712515115738
0.1802918165922165
0.2018721103668213
0.17526288330554962
0.1776084452867508
0.18219205737113953
0.17866209149360657
0.17649535834789276
0.17460937798023224
0.17872555553913116
0.18307945132255554
0.17993946373462677
0.18233783543109894
0.18164321780204773
0.18495246767997742
0.1767929494380951
0.1757279336452484
0.18001236021518707
0.1806180626153946
0.1869065910577774
0.17164596915245056
0.17154277861118317
0.18733960390090942
0.17868614196777344
0.1950065940618515
0.18773962557315826
0.18160541355609894
0.18511055409908295
0.17522621154785156
0.1817091554403305
0.19363734126091003
0.1857752650976181
0.18991637229919434
0.1797512322664261
0.1727714240550995
0.17876379191875458
0.17750529944896698
0.18101994693279266
0.18384067714214325
0.17680560052394867
0.18728013336658478
0.17688776552677155
0.18001259863376617
0.18080486357212067
0.17995956540107727
0.18753421306610107
0.18192723393440247
0.17231079936027527
0.17988106608390808
0.1792220175266266
0.18134412169456482
0.17886430025100708
0.17922435700893402
0.1777288168668747
0.18133991956710815
0.17846986651420593
0.18351902067661285
0.1895798146724701
0.17501845955848694
0.17748026549816132
0.1802823692560196
0.2037895768880844
0.19326099753379822
0.18104423582553864
0.1771553009748459
0.1756330132484436
0.18407662212848663
0.192890927195549
0.18204611539840698
0.17595885694026947
0.18005292117595673
0.17582690715789795
0.182021364569664
0.19050715863704681
0.19549685716629028
0.18029673397541046
0.17817345261573792
0.18676279485225677
0.18011049926280975
0.17180168628692627
0.17724166810512543
0.17198778688907623
0.1860119104385376
0.18976150453090668
0.1817018836736679
0.18369320034980774
0.1829260289669037
0.17802131175994873
0.19460003077983856
0.18354304134845734
0.1763760894536972
0.21493540704250336
0.17802642285823822
0.18703517317771912
0.1787167340517044
0.17880676686763763
0.18326438963413239
0.17473194003105164
0.17830675840377808
0.1727936714887619
0.18326042592525482
0.18079857528209686
0.19171012938022614
0.18680529296398163
0.21183833479881287
0.2036762833595276
0.19986966252326965
0.1800614595413208
0.1763119101524353
0.19437828660011292
0.18663787841796875
0.17602969706058502
0.19644764065742493
0.17845751345157623
0.18592455983161926
0.18251796066761017
0.20174065232276917
0.1743386834859848
0.17987725138664246
0.18253672122955322
0.18081015348434448
0.1774158775806427
0.1750904619693756
0.18833082914352417
0.1768587976694107
0.1749817430973053
0.18022988736629486
0.1815403401851654
0.19659854471683502
0.17759613692760468
0.2012670785188675
0.19505800306797028
0.1812456101179123
0.18302443623542786
0.18709231913089752
0.1766689121723175
0.17817771434783936
0.1806095391511917
0.17573721706867218
0.17972245812416077
0.17821036279201508
0.1764356642961502
0.1728455126285553
0.18006542325019836
0.18250614404678345
0.18970619142055511
0.1882317066192627
0.1786363124847412
0.19313545525074005
0.17748063802719116
0.18336789309978485
0.17832951247692108
0.1918029487133026
0.1792667806148529
0.17787796258926392
0.19431044161319733
0.18248297274112701
0.19366608560085297
0.18073706328868866
0.17989879846572876
0.18671326339244843
0.18364602327346802
0.1822328269481659
0.17399393022060394
0.19322070479393005
0.1804988831281662
0.17895466089248657
0.17304150760173798
0.17989368736743927
0.18181300163269043
0.18821865320205688
0.18501880764961243
0.18730999529361725
0.1820056289434433
0.19454029202461243
0.17895673215389252
0.17489896714687347
0.18669863045215607
0.18719641864299774
0.17861932516098022
0.17269165813922882
0.18542493879795074
0.19246743619441986
0.1809363216161728
0.17919409275054932
0.18260487914085388
0.17573490738868713
0.18052032589912415
0.18970072269439697
0.177230566740036
0.1857157200574875
0.20448942482471466
0.1820039302110672
0.18471911549568176
0.18306119740009308
0.17952822148799896
0.19110184907913208
0.1830025464296341
0.17732149362564087
0.19256165623664856
0.1835888922214508
0.1867065727710724
0.18430916965007782
0.18550632894039154
0.18903936445713043
0.18861310184001923
0.18117398023605347
0.18661046028137207
0.18640373647212982
0.1789557784795761
0.1852000653743744
0.19005738198757172
0.2099694311618805
0.2032509297132492
0.17854823172092438
0.19168242812156677
0.17990319430828094
0.18002893030643463
0.1857147514820099
0.18132434785366058
0.1799979954957962
0.2002420723438263
0.1871294230222702
0.17486993968486786
0.19391220808029175
0.17738261818885803
0.1808442622423172
0.17881008982658386
0.18813471496105194
0.18412405252456665
0.18688932061195374
0.18240058422088623
0.1762848198413849
0.18021553754806519
0.19412821531295776
0.17248207330703735
0.18530412018299103
0.17719945311546326
0.19820335507392883
0.17637374997138977
0.17561662197113037
0.17797347903251648
0.17961575090885162
0.18587081134319305
0.17896009981632233
0.1814868301153183
0.18775561451911926
0.18199366331100464
0.19460387527942657
0.18290239572525024
0.17690801620483398
0.17521274089813232
0.17860446870326996
0.17700794339179993
0.18134434521198273
0.18713617324829102
0.1765609085559845
0.17539969086647034
0.17460386455059052
0.1927061676979065
0.1751652956008911
0.18091578781604767
0.18120111525058746
0.1784527450799942
0.18599668145179749
0.1838664710521698
0.18633626401424408
0.17891579866409302
0.18247376382350922
0.17554523050785065
0.1786782145500183
0.19031840562820435
0.21918557584285736
0.18122591078281403
0.18122261762619019
0.17590849101543427
0.17532901465892792
0.17726902663707733
0.17970743775367737
0.17405661940574646
0.21425099670886993
0.19197751581668854
0.17987389862537384
0.1891195923089981
0.18613813817501068
0.1793278008699417
0.17570659518241882
0.17731739580631256
0.18831385672092438
0.17900200188159943
0.17906925082206726
0.1756865680217743
0.17653170228004456
0.1733696013689041
0.1865106225013733
0.17749978601932526
0.18575866520404816
0.17895519733428955
0.18319879472255707
0.1792195588350296
0.18966063857078552
0.18073761463165283
0.19539719820022583
0.20254680514335632
0.1763305962085724
0.1778469681739807
0.1872393935918808
0.175307035446167
0.18096011877059937
0.1899803727865219
0.1824166476726532
0.1885131150484085
0.18249434232711792
0.17659452557563782
0.1832878738641739
0.17818854749202728
0.1786346137523651
0.18024049699306488
0.18621724843978882
0.17591449618339539
0.175201877951622
0.17945988476276398
0.17741627991199493
0.1925690472126007
0.18102340400218964
0.17607535421848297
0.17716966569423676
0.17586326599121094
0.17496971786022186
0.18258078396320343
0.19196642935276031
0.18017210066318512
0.1723630130290985
0.17756527662277222
0.18958932161331177
0.20102322101593018
0.17331428825855255
0.18084539473056793
0.18925975263118744
0.17496038973331451
0.17285528779029846
0.17484231293201447
0.17686454951763153
0.18230877816677094
0.18230366706848145
0.18182675540447235
0.1873176097869873
0.17134393751621246
0.1749090701341629
0.18045082688331604
0.17980237305164337
0.17523306608200073
0.1795995533466339
0.190873920917511
0.17524541914463043
0.18309836089611053
0.18580234050750732
0.19242514669895172
0.20289304852485657
0.18142850697040558
0.17366407811641693
0.2012212872505188
0.17877095937728882
0.17599686980247498
0.17807996273040771
0.18807452917099
0.1986323893070221
0.17940616607666016
0.18417498469352722
0.18289373815059662
0.18564459681510925
0.20915019512176514
0.17921337485313416
0.18088433146476746
0.1892203688621521
0.18587571382522583
0.20651784539222717
0.1823798567056656
0.1880638599395752
0.1773563027381897
0.18827864527702332
0.18051916360855103
0.17522381246089935
0.17914380133152008
0.17649826407432556
0.17312824726104736
0.17797261476516724
0.18597140908241272
0.17392954230308533
0.17901694774627686
0.19070181250572205
0.1771279275417328
0.19023986160755157
0.1798659712076187
0.18005678057670593
0.1908881962299347
0.17439524829387665
0.1818789392709732
0.18382571637630463
0.17567285895347595
0.1882784217596054
0.17470750212669373
0.18498317897319794
0.18654988706111908
0.17755526304244995
0.17587001621723175
0.17343224585056305
0.18211090564727783
0.19412004947662354
0.1764243245124817
0.1788865327835083
0.17955465614795685
0.19245438277721405
0.1869189590215683
0.18307560682296753
0.18817874789237976
0.1817326843738556
0.19062718749046326
0.1792190819978714
0.18693585693836212
0.17858508229255676
0.18139871954917908
0.17928333580493927
0.2090376913547516
0.17969810962677002
0.1900331974029541
0.19405026733875275
0.2003588080406189
0.1841742843389511
0.17948339879512787
0.18979772925376892
0.18004775047302246
0.17783638834953308
0.18277610838413239
0.1776089072227478
0.18045255541801453
0.19015620648860931
0.18472976982593536
0.1800268590450287
0.17243456840515137
0.17452286183834076
0.18321698904037476
0.18576407432556152
0.180844247341156
0.18159697949886322
0.1772024929523468
0.1802627593278885
0.18430909514427185
0.1813061237335205
0.17368486523628235
0.17654374241828918
0.1751081496477127
0.17740033566951752
0.1780935525894165
0.19553683698177338
0.17463228106498718
0.18354594707489014
0.17689679563045502
0.1828300803899765
0.18657512962818146
0.18887147307395935
0.19810187816619873
0.18293443322181702
0.176596999168396
0.19305485486984253
0.1741597056388855
0.20432133972644806
0.18038374185562134
0.17838792502880096
0.17814312875270844
0.18231096863746643
0.17159244418144226
0.18248145282268524
0.18992388248443604
0.18734754621982574
0.18677058815956116
0.1840483397245407
0.1816796362400055
0.1770787239074707
0.1839953362941742
0.17694024741649628
0.1866685301065445
0.18787546455860138
0.1797391176223755
0.17879140377044678
0.180716410279274
0.1829959601163864
0.17990316450595856
0.18621084094047546
0.1869974583387375
0.18145719170570374
0.17765595018863678
0.20014728605747223
0.18220534920692444
0.1758216917514801
0.1828010082244873
0.18597063422203064
0.17654234170913696
0.17601221799850464
0.17869845032691956
0.1817784458398819
0.18081282079219818
0.179612934589386
0.1755962371826172
0.18032725155353546
0.17465022206306458
0.1729506254196167
0.19212102890014648
0.178907111287117
0.1785370260477066
0.1991654336452484
0.1893928050994873
0.17554554343223572
0.1783282607793808
0.17510512471199036
0.1839490830898285
0.19072112441062927
0.17987212538719177
0.17437703907489777
0.1916816681623459
0.17776371538639069
0.2097986936569214
0.17676082253456116
0.19321846961975098
0.18755978345870972
0.18430829048156738
0.17837399244308472
0.18142428994178772
0.1892540007829666
0.17511732876300812
0.17898303270339966
0.17909303307533264
0.18553510308265686
0.18976014852523804
0.17948076128959656
0.1778212934732437
0.18188348412513733
0.19912882149219513
0.18071603775024414
0.1890726238489151
0.19778621196746826
0.1899188756942749
0.17839033901691437
0.20391081273555756
0.17967551946640015
0.17881540954113007
0.17560547590255737
0.18078450858592987
0.17224015295505524
0.18433435261249542
0.20295457541942596
0.1823679506778717
0.17679782211780548
0.17873817682266235
0.1803959161043167
0.1799723505973816
0.18505750596523285
0.17589758336544037
0.17708855867385864
0.18306097388267517
0.18477270007133484
0.18798431754112244
0.18845093250274658
0.17656873166561127
0.18617568910121918
0.18554896116256714
0.19863851368427277
0.19146479666233063
0.17559082806110382
0.1785406768321991
0.19122256338596344
0.18605566024780273
0.17220865190029144
0.19032186269760132
0.17700505256652832
0.18196728825569153
0.18289867043495178
0.18010587990283966
0.17793866991996765
0.18184316158294678
0.17541952431201935
0.1771256923675537
0.17966632544994354
0.18141761422157288
0.1760784238576889
0.17760033905506134
0.18943451344966888
0.17703215777873993
0.18934929370880127
0.18541572988033295
0.18584568798542023
0.18896549940109253
0.18241743743419647
0.19210416078567505
0.17380155622959137
0.1746578961610794
0.1748548448085785
0.19358707964420319
0.1848113238811493
0.17823798954486847
0.19323848187923431
0.18062323331832886
0.1786133050918579
0.17384767532348633
0.178311288356781
0.19369062781333923
0.17622464895248413
0.18812020123004913
0.17798253893852234
0.1777442991733551
0.17879539728164673
0.17994289100170135
0.18039436638355255
0.1786600649356842
0.1768350452184677
0.17344339191913605
0.18398022651672363
0.17619891464710236
0.1769697517156601
0.17905312776565552
0.16986088454723358
0.1792605221271515
0.18079133331775665
0.19268923997879028
0.18494009971618652
0.17849305272102356
0.19883839786052704
0.1799340844154358
0.19448970258235931
0.20495504140853882
0.1832347810268402
0.17550402879714966
0.17899858951568604
0.17415225505828857
0.18099941313266754
0.18416517972946167
0.17938019335269928
0.17700032889842987
0.17569461464881897
0.18864844739437103
0.19770805537700653
0.173422709107399
0.18079093098640442
0.18326890468597412
0.18202859163284302
0.17628608644008636
0.1799468845129013
0.19146135449409485
0.18071436882019043
0.17577876150608063
0.1806698590517044
0.17740225791931152
0.1768052726984024
0.18665820360183716
0.17729562520980835
0.17701882123947144
0.20186655223369598
0.1766778975725174
0.1791832000017166
0.1905001699924469
0.18733060359954834
0.181498184800148
0.19041788578033447
0.18063236773014069
0.18178367614746094
0.1805437058210373
0.18672078847885132
0.1761494278907776
0.18492719531059265
0.1881384700536728
0.18567217886447906
0.18323443830013275
0.17700161039829254
0.2200447916984558
0.18020600080490112
0.18772614002227783
0.17647793889045715
0.1751924306154251
0.18509642779827118
0.17417246103286743
0.2031303495168686
0.17952896654605865
0.17569150030612946
0.17650912702083588
0.17615395784378052
0.17868974804878235
0.1785249263048172
0.17842920124530792
0.17880657315254211
0.18672461807727814
0.1769949346780777
0.1770429015159607
0.18056251108646393
0.1764209121465683
0.17857865989208221
0.18007640540599823
0.17843961715698242
0.1756097823381424
0.18586906790733337
0.1793074756860733
0.17802786827087402
0.1811731457710266
0.18048954010009766
0.17973263561725616
0.18117667734622955
0.17948578298091888
0.1769229620695114
0.18055114150047302
0.18183517456054688
0.1765860766172409
0.1802632212638855
0.18103636801242828
0.17968429625034332
0.1807999312877655
0.18319375813007355
0.18189795315265656
0.1766640990972519
0.18163207173347473
0.17638429999351501
0.18960171937942505
0.183665931224823
0.1803208589553833
0.1810137927532196
0.18360698223114014
0.18442121148109436
0.18626561760902405
0.1860661506652832
0.1772598773241043
0.17985586822032928
0.18123318254947662
0.17932377755641937
0.1891023814678192
0.18352249264717102
0.1839074343442917
0.18326225876808167
0.18597128987312317
0.18107737600803375
0.17727604508399963
0.17991076409816742
0.17543284595012665
0.18650145828723907
0.18358582258224487
0.1803080141544342
0.1778339296579361
0.17805345356464386
0.18078772723674774
0.17654576897621155
0.1761930137872696
0.1823878288269043
0.18317806720733643
0.18315917253494263
0.17916209995746613
0.1824316531419754
0.17406731843948364
0.17983795702457428
0.1783769279718399
0.1779884696006775
0.1837475597858429
0.18292061984539032
0.1799084097146988
0.17420779168605804
0.18086281418800354
0.1775655895471573
0.18076744675636292
0.17698249220848083
0.17568902671337128
0.1759490817785263
0.17739756405353546
0.17770929634571075
0.18229714035987854
0.18412451446056366
0.17773807048797607
0.17657750844955444
0.18075816333293915
0.1754390299320221
0.1909520924091339
0.17915847897529602
0.1770707219839096
0.17836667597293854
0.1752520501613617
0.17506888508796692
0.18247069418430328
0.17972403764724731
0.1793840527534485
0.18388411402702332
0.1822085976600647
0.17765669524669647
0.18159055709838867
0.17823028564453125
0.18129155039787292
0.17892764508724213
0.17894603312015533
0.18768036365509033
0.1955670267343521
0.17911405861377716
0.19019576907157898
0.176538348197937
0.1763499528169632
0.17656655609607697
0.18037258088588715
0.18178120255470276
0.18163752555847168
0.1789039820432663
0.17855487763881683
0.17713509500026703
0.17935378849506378
0.1797242909669876
0.17867299914360046
0.18025244772434235
0.18708105385303497
0.1776461899280548
0.19502346217632294
0.1854478418827057
0.1783468872308731
0.17911753058433533
0.1812441051006317
0.17600958049297333
0.1825849562883377
0.1984873265028
0.17471399903297424
0.18801099061965942
0.17847950756549835
0.180421844124794
0.1822759211063385
0.17880086600780487
0.17857779562473297
0.18288841843605042
0.18495182693004608
0.17544163763523102
0.1754157394170761
0.1776764839887619
0.17607271671295166
0.18134118616580963
0.1750202476978302
0.18036863207817078
0.176706463098526
0.1750454604625702
0.18048548698425293
0.1808992475271225
0.1798221319913864
0.1790972501039505
0.1742735207080841
0.1794687658548355
0.17978917062282562
0.18237332999706268
0.17944511771202087
0.18747496604919434
0.18032555282115936
0.18886356055736542
0.17557644844055176
0.18215452134609222
0.17161430418491364
0.17608101665973663
0.18135128915309906
0.17492908239364624
0.17887286841869354
0.17332927882671356
0.17309603095054626
0.1722005158662796
0.17303447425365448
0.17969927191734314
0.1768076866865158
0.19704383611679077
0.17282524704933167
0.17207448184490204
0.1748894602060318
0.17768685519695282
0.17706474661827087
0.17899657785892487
0.17321132123470306
0.19579176604747772
0.17936919629573822
0.18150056898593903
0.18480026721954346
0.17318561673164368
0.17969071865081787
0.1761387139558792
0.17687535285949707
0.17773540318012238
0.1730537861585617
0.17369751632213593
0.18672512471675873
0.1714625507593155
0.1706756204366684
0.18072886765003204
0.17712539434432983
0.1773032695055008
0.17988286912441254
0.18147718906402588
0.17456115782260895
0.17823487520217896
0.17304761707782745
0.17416277527809143
0.176348477602005
0.1761956810951233
0.1835664063692093
0.17540639638900757
0.17299731075763702
0.1736675500869751
0.18077875673770905
0.17606116831302643
0.17739516496658325
0.1747337132692337
0.17250347137451172
0.17653103172779083
0.17322276532649994
0.1742326021194458
0.18343676626682281
0.17863237857818604
0.17091511189937592
0.18244388699531555
0.18273361027240753
0.1726728230714798
0.17430008947849274
0.1787291020154953
0.17635175585746765
0.1698356717824936
0.18183641135692596
0.17560724914073944
0.18308252096176147
0.16884317994117737
0.18051156401634216
0.1767144799232483
0.17313751578330994
0.16861259937286377
0.1787363737821579
0.17608574032783508
0.17929543554782867
0.1817355901002884
0.17678160965442657
0.18086165189743042
0.1731044501066208
0.17021270096302032
0.18129834532737732
0.17471544444561005
0.17381727695465088
0.17662222683429718
0.18222056329250336
0.17384971678256989
0.17545469105243683
0.17220427095890045
0.18175801634788513
0.17541122436523438
0.17657119035720825
0.17417940497398376
0.17746447026729584
0.1733986884355545
0.1781531423330307
0.17565909028053284
0.1809527426958084
0.17472946643829346
0.1754639893770218
0.17576803267002106
0.17244398593902588
0.17850811779499054
0.17336022853851318
0.18026405572891235
0.17839670181274414
0.17228765785694122
0.17567920684814453
0.1792638897895813
0.178367018699646
0.18010768294334412
0.1759389042854309
0.17967857420444489
0.17051826417446136
0.19371043145656586
0.17911286652088165
0.17197151482105255
0.18180610239505768
0.18396303057670593
0.17532089352607727
0.18091563880443573
0.17110425233840942
0.17903897166252136
0.17999252676963806
0.17903047800064087
0.1844416856765747
0.1802615523338318
0.18091519176959991
0.17462103068828583
0.18320056796073914
0.1780564785003662
0.17326620221138
0.1734059602022171
0.17736563086509705
0.17847251892089844
0.17504346370697021
0.17484547197818756
0.17562583088874817
0.17763739824295044
0.19049513339996338
0.18067671358585358
0.1788356453180313
0.17993904650211334
0.1747477799654007
0.16999328136444092
0.17749695479869843
0.17189781367778778
0.1790575534105301
0.17948155105113983
0.18210595846176147
0.18235689401626587
0.17273566126823425
0.17417927086353302
0.17921294271945953
0.17287005484104156
0.17030952870845795
0.1765100359916687
0.18145416676998138
0.17318134009838104
0.18861199915409088
0.1806153953075409
0.17697112262248993
0.179225355386734
0.1831817626953125
0.19421207904815674
0.17630422115325928
0.17367485165596008
0.17700406908988953
0.18142828345298767
0.17660735547542572
0.17290280759334564
0.16991935670375824
0.17482881247997284
0.1744106113910675
0.181186705827713
0.1762157529592514
0.18310025334358215
0.1975325047969818
0.1726101189851761
0.17339988052845
0.18185396492481232
0.18160587549209595
0.18168218433856964
0.16903768479824066
0.1723276525735855
0.18133972585201263
0.18289631605148315
0.17139524221420288
0.17925353348255157
0.1763300746679306
0.17800642549991608
0.1715131551027298
0.1768755316734314
0.17772556841373444
0.18246576189994812
0.1764860898256302
0.17890135943889618
0.1779348999261856
0.18290741741657257
0.18127961456775665
0.17361538112163544
0.1761312484741211
0.17863932251930237
0.17181077599525452
0.17649507522583008
0.17525611817836761
0.17711983621120453
0.17476226389408112
0.17230938374996185
0.17448358237743378
0.18541774153709412
0.17483271658420563
0.17360107600688934
0.1797826737165451
0.17589181661605835
0.1779027134180069
0.17780272662639618
0.18033181130886078
0.17554257810115814
0.17168842256069183
0.1784292459487915
0.17585383355617523
0.17426437139511108
0.1729831099510193
0.18366992473602295
0.17398856580257416
0.18149635195732117
0.178842693567276
0.1733197271823883
0.1745097041130066
0.17578183114528656
0.17794598639011383
0.179996520280838
0.17343880236148834
0.1764572262763977
0.18507054448127747
0.1757369190454483
0.1711706817150116
0.18007144331932068
0.17570814490318298
0.18322958052158356
0.17183071374893188
0.1739455759525299
0.1703559160232544
0.17110925912857056
0.1763940155506134
0.17546206712722778
0.17041802406311035
0.18058191239833832
0.17288339138031006
0.17011764645576477
0.17570580542087555
0.17308254539966583
0.17550140619277954
0.1797180026769638
0.17585790157318115
0.17633900046348572
0.17305409908294678
0.17296355962753296
0.17921872437000275
0.1778993010520935
0.17447030544281006
0.1737481951713562
0.17743544280529022
0.17589354515075684
0.18524692952632904
0.1783982813358307
0.17809554934501648
0.16993772983551025
0.17816005647182465
0.17458397150039673
0.1744772046804428
0.17444780468940735
0.18097567558288574
0.1724914163351059
0.1775967925786972
0.17886821925640106
0.1703663319349289
0.17533200979232788
0.17186596989631653
0.17037896811962128
0.17468193173408508
0.17808526754379272
0.17722757160663605
0.17638486623764038
0.1763462871313095
0.1768016517162323
0.17678609490394592
0.18031559884548187
0.18089835345745087
0.17369739711284637
0.17839184403419495
0.17966589331626892
0.1770038902759552
0.18321530520915985
0.1825973242521286
0.17708036303520203
0.1699882447719574
0.17645849287509918
0.18216007947921753
0.18714535236358643
0.17826224863529205
0.17185454070568085
0.18165023624897003
0.17351894080638885
0.1722283661365509
0.17277829349040985
0.17854338884353638
0.1730111986398697
0.17970021069049835
0.1753237396478653
0.1752685308456421
0.17652097344398499
0.17911523580551147
0.1752808392047882
0.17982099950313568
0.17503343522548676
0.17335832118988037
0.17600691318511963
0.17547766864299774
0.17902638018131256
0.1774337887763977
0.17928984761238098
0.17519500851631165
0.1758434921503067
0.17771491408348083
0.17077137529850006
0.1797737181186676
0.17744861543178558
0.18334908783435822
0.17148321866989136
0.17706577479839325
0.1768379807472229
0.17445337772369385
0.17849335074424744
0.17598402500152588
0.1754479557275772
0.1779804527759552
0.1709139198064804
0.1722181737422943
0.17359796166419983
0.17964687943458557
0.17382822930812836
0.17941567301750183
0.17703118920326233
0.17886967957019806
0.17725792527198792
0.18037675321102142
0.17750884592533112
0.1737947165966034
0.17727130651474
0.17704841494560242
0.17683060467243195
0.17357106506824493
0.17738236486911774
0.17369914054870605
0.18393175303936005
0.17751742899417877
0.17779016494750977
0.17455250024795532
0.18008865416049957
0.1751433163881302
0.1802152544260025
0.17868365347385406
0.17749574780464172
0.17750303447246552
0.1916104108095169
0.1805378943681717
0.17999212443828583
0.18031445145606995
0.1785224825143814
0.17076146602630615
0.17295047640800476
0.1761648952960968
0.17749284207820892
0.17427940666675568
0.18318428099155426
0.17344261705875397
0.17119857668876648
0.17289574444293976
0.18055126070976257
0.17826522886753082
0.17848698794841766
0.17960719764232635
0.1754826009273529
0.17663073539733887
0.17987114191055298
0.17697998881340027
0.18158532679080963
0.1760781705379486
0.17825309932231903
0.17981509864330292
0.1725178062915802
0.1804148405790329
0.184957355260849
0.1787792444229126
0.1813458651304245
0.17482101917266846
0.1739433854818344
0.17213544249534607
0.17575539648532867
0.17910350859165192
0.1738082617521286
0.17472906410694122
0.1797780841588974
0.18210013210773468
0.1795637309551239
0.17288704216480255
0.17362995445728302
0.17588692903518677
0.1695423722267151
0.16926796734333038
0.17363308370113373
0.17808650434017181
0.17180463671684265
0.1780078113079071
0.17414653301239014
0.18036581575870514
0.18146543204784393
0.17428947985172272
0.17018650472164154
0.17301523685455322
0.17544378340244293
0.17929480969905853
0.17721012234687805
0.17984767258167267
0.1739356368780136
0.17287875711917877
0.1758923977613449
0.18182377517223358
0.18003134429454803
0.1819993108510971
0.18102775514125824
0.17538908123970032
0.17634697258472443
0.18288271129131317
0.16909030079841614
0.17138563096523285
0.1748407632112503
0.18113432824611664
0.17337577044963837
0.17389357089996338
0.17744943499565125
0.1767047494649887
0.17425338923931122
0.17937439680099487
0.1734139323234558
0.17127104103565216
0.17830123007297516
0.1729409396648407
0.18315130472183228
0.1747117042541504
0.17803797125816345
0.1765551120042801
0.17898505926132202
0.17726723849773407
0.1867588460445404
0.18068794906139374
0.17917965352535248
0.1731652468442917
0.17941798269748688
0.18294619023799896
0.17952238023281097
0.17752531170845032
0.17659537494182587
0.17653238773345947
0.1784362941980362
0.17268605530261993
0.17318476736545563
0.1937337964773178
0.17642873525619507
0.17962995171546936
0.18062014877796173
0.17550188302993774
0.17649105191230774
0.1860833466053009
0.17124173045158386
0.1721092164516449
0.171498641371727
0.17709428071975708
0.17530937492847443
0.17282401025295258
0.17910467088222504
0.17781294882297516
0.18402618169784546
0.1717963069677353
0.17298121750354767
0.18679067492485046
0.17536978423595428
0.17811736464500427
0.17220523953437805
0.17305339872837067
0.18019066751003265
0.171396404504776
0.18017397820949554
0.1750066578388214
0.17536261677742004
0.17465420067310333
0.17557163536548615
0.172669917345047
0.18757733702659607
0.18508870899677277
0.1732294112443924
0.17876936495304108
0.17928704619407654
0.1803330034017563
0.1741897165775299
0.1736825704574585
0.1751140058040619
0.18466798961162567
0.1756536215543747
0.18323121964931488
0.1873718500137329
0.185048446059227
0.17935875058174133
0.1793467402458191
0.17898572981357574
0.17617911100387573
0.1836317777633667
0.17403632402420044
0.1706392467021942
0.1744585782289505
0.17881053686141968
0.18799632787704468
0.1716468185186386
0.1793106198310852
0.1826283186674118
0.17767852544784546
0.17373307049274445
0.17402443289756775
0.17719776928424835
0.17903189361095428
0.1730463206768036
0.18169356882572174
0.18523317575454712
0.17224447429180145
0.1796358972787857
0.1700490266084671
0.17500540614128113
0.1735253632068634
0.17314673960208893
0.19472736120224
0.17184993624687195
0.18406225740909576
0.174044668674469
0.17693299055099487
0.17229299247264862
0.17623795568943024
0.17513370513916016
0.17600485682487488
0.18029873073101044
0.17756123840808868
0.17384085059165955
0.17318201065063477
0.18114341795444489
0.17826129496097565
0.17657260596752167
0.1823432594537735
0.17578142881393433
0.18189460039138794
0.17793221771717072
0.18299758434295654
0.1727198213338852
0.17696084082126617
0.17270934581756592
0.17358946800231934
0.1722586750984192
0.18421633541584015
0.17321431636810303
0.1719598025083542
0.17958959937095642
0.17524300515651703
0.17685860395431519
0.17813783884048462
0.1794224977493286
0.17906177043914795
0.17765265703201294
0.17542587220668793
0.183676615357399
0.17854256927967072
0.17928999662399292
0.17226746678352356
0.18140946328639984
0.17670688033103943
0.17908130586147308
0.17912635207176208
0.17164082825183868
0.17364121973514557
0.17740654945373535
0.17361502349376678
0.17633940279483795
0.1766892969608307
0.17366471886634827
0.17156733572483063
0.1705237179994583
0.1750217080116272
0.1782098412513733
0.17911362648010254
0.18319863080978394
0.17911772429943085
0.17147275805473328
0.17412446439266205
0.18171946704387665
0.18148134648799896
0.17482544481754303
0.17818477749824524
0.1743939369916916
0.17243830859661102
0.18211060762405396
0.18179358541965485
0.1711575984954834
0.17452384531497955
0.17244599759578705
0.182709738612175
0.17910625040531158
0.1711190640926361
0.1798337697982788
0.1815497875213623
0.18648090958595276
0.17640577256679535
0.17303481698036194
0.17838163673877716
0.1733090579509735
0.17516003549098969
0.20008955895900726
0.17148445546627045
0.18318183720111847
0.1781407594680786
0.17597542703151703
0.17499415576457977
0.17404477298259735
0.18102359771728516
0.17661359906196594
0.18191877007484436
0.17731361091136932
0.1745615154504776
0.17308461666107178
0.1829012632369995
0.17928357422351837
0.17837321758270264
0.17177321016788483
0.18075937032699585
0.17354901134967804
0.17744329571723938
0.17836123704910278
0.17984016239643097
0.17386595904827118
0.18038462102413177
0.17826281487941742
0.1735227406024933
0.17571429908275604
0.17955270409584045
0.1845872849225998
0.18292400240898132
0.1733466535806656
0.17909027636051178
0.17951388657093048
0.1791568398475647
0.1776992827653885
0.17022645473480225
0.18070350587368011
0.18266671895980835
0.17896802723407745
0.17611262202262878
0.1763094812631607
0.17727221548557281
0.1769373118877411
0.17157746851444244
0.16956304013729095
0.1730930507183075
0.17676889896392822
0.17880317568778992
0.17336705327033997
0.1744932234287262
0.17536842823028564
0.17584942281246185
0.17128799855709076
0.17800575494766235
0.17104093730449677
0.17695386707782745
0.17089338600635529
0.1739562600851059
0.1710062325000763
0.18044856190681458
0.17277050018310547
0.17820371687412262
0.17220130562782288
0.1737772673368454
0.17104452848434448
0.17201852798461914
0.17982813715934753
0.17894423007965088
0.17149974405765533
0.17563149333000183
0.1791573315858841
0.17141421139240265
0.17108093202114105
0.1734057366847992
0.17848843336105347
0.17524674534797668
0.17547105252742767
0.18184003233909607
0.18187643587589264
0.18072813749313354
0.1850035935640335
0.17043426632881165
0.18183742463588715
0.1769711971282959
0.1758718490600586
0.1799830049276352
0.1745687574148178
0.17882978916168213
0.1759800761938095
0.17668527364730835
0.17596985399723053
0.18371349573135376
0.1819436401128769
0.17789211869239807
0.17383158206939697
0.17318709194660187
0.1730271577835083
0.17434170842170715
0.17338937520980835
0.17893391847610474
0.1806352734565735
0.17630241811275482
0.18651849031448364
0.17748357355594635
0.17297838628292084
0.17307981848716736
0.17080654203891754
0.182191863656044
0.1790071725845337
0.17367048561573029
0.1749943047761917
0.18235337734222412
0.1803005188703537
0.1805555671453476
0.17984150350093842
0.17423301935195923
0.17879198491573334
0.17521193623542786
0.17076867818832397
0.17542921006679535
0.18311807513237
0.18209460377693176
0.1725902110338211
0.1744021624326706
0.1771240532398224
0.17273397743701935
0.17120368778705597
0.17946745455265045
0.17612239718437195
0.1798854023218155
0.18063698709011078
0.1764330118894577
0.18118928372859955
0.17633867263793945
0.1754170060157776
0.1809587925672531
0.17360633611679077
0.17797210812568665
0.1778184473514557
0.17116694152355194
0.17915599048137665
0.17153148353099823
0.17576171457767487
0.18014366924762726
0.17913711071014404
0.17239774763584137
0.18147100508213043
0.17370940744876862
0.17111219465732574
0.17258046567440033
0.1751888245344162
0.17524908483028412
0.17532233893871307
0.17730812728405
0.17540541291236877
0.18531008064746857
0.18122215569019318
0.17771929502487183
0.17962123453617096
0.18383117020130157
0.1756729930639267
0.17543663084506989
0.1818893998861313
0.18131500482559204
0.17737038433551788
0.1695052683353424
0.17102964222431183
0.17569606006145477
0.17373402416706085
0.17873993515968323
0.17916123569011688
0.1811315268278122
0.17382854223251343
0.16984592378139496
0.180608332157135
0.181263267993927
0.18287990987300873
0.1717085838317871
0.17239710688591003
0.17619232833385468
0.173871248960495
0.17262300848960876
0.17236274480819702
0.17359192669391632
0.17915458977222443
0.1804009974002838
0.17400451004505157
0.17845843732357025
0.18148940801620483
0.1743774265050888
0.17649346590042114
0.17436647415161133
0.18191969394683838
0.1727980375289917
0.17241984605789185
0.1747324913740158
0.17294709384441376
0.1726052463054657
0.1733543574810028
0.1776730865240097
0.1769559234380722
0.17395971715450287
0.1757945418357849
0.17954905331134796
0.1760830283164978
0.17712032794952393
0.174757182598114
0.17689549922943115
0.1745738685131073
0.17401783168315887
0.16877564787864685
0.17678628861904144
0.17749013006687164
0.18174214661121368
0.17633144557476044
0.18039631843566895
0.1797698438167572
0.17728115618228912
0.17452256381511688
0.18103215098381042
0.1741953194141388
0.17091220617294312
0.17305798828601837
0.17974480986595154
0.1814785599708557
0.17444168031215668
0.1774832159280777
0.1772986799478531
0.17448081076145172
0.17371287941932678
0.17516733705997467
0.1769632250070572
0.17189490795135498
0.1729559451341629
0.17346076667308807
0.18269126117229462
0.17511874437332153
0.17237123847007751
0.1790686398744583
0.17771977186203003
0.17765772342681885
0.1718260794878006
0.1712699979543686
0.17502354085445404
0.18095634877681732
0.1786346137523651
0.17476685345172882
0.17791081964969635
0.17225801944732666
0.182235449552536
0.17574086785316467
0.17052121460437775
0.18160627782344818
0.1792299598455429
0.17363715171813965
0.17732396721839905
0.17913536727428436
0.17287245392799377
0.17578649520874023
0.17175795137882233
0.18229424953460693
0.17444483935832977
0.17380931973457336
0.17247186601161957
0.18563635647296906
0.17310771346092224
0.1804310381412506
0.18371303379535675
0.17763742804527283
0.1778745800256729
0.1772661656141281
0.17375995218753815
0.1767672449350357
0.17592130601406097
0.17350105941295624
0.17649422585964203
0.16883257031440735
0.17508365213871002
0.18315723538398743
0.17841555178165436
0.1744575798511505
0.17141880095005035
0.17352475225925446
0.17046797275543213
0.18153543770313263
0.17496730387210846
0.17402340471744537
0.17345520853996277
0.17763467133045197
0.17296522855758667
0.17250145971775055
0.18028022348880768
0.17524927854537964
0.17980867624282837
0.18214981257915497
0.18824635446071625
0.18103425204753876
0.1753065586090088
0.1810397505760193
0.1797572821378708
0.17580224573612213
0.18041212856769562
0.17481383681297302
0.17879492044448853
0.18069693446159363
0.17660537362098694
0.18497806787490845
0.17171776294708252
0.18108592927455902
0.17866067588329315
0.1711515486240387
0.18030734360218048
0.17661085724830627
0.16820290684700012
0.17379754781723022
0.1793082058429718
0.18329402804374695
0.1743222028017044
0.17630040645599365
0.17671966552734375
0.18207159638404846
0.1758861392736435
0.18050909042358398
0.1745893359184265
0.17928853631019592
0.17394442856311798
0.1811205893754959
0.17332611978054047
0.17942915856838226
0.1801639050245285
0.17907832562923431
0.18272913992404938
0.17505483329296112
0.17893263697624207
0.17617590725421906
0.18285977840423584
0.1735951453447342
0.18113212287425995
0.17332656681537628
0.18021385371685028
0.1743936836719513
0.17187544703483582
0.17620322108268738
0.18276312947273254
0.17925605177879333
0.17567671835422516
0.17593689262866974
0.17563247680664062
0.1794852614402771
0.17721977829933167
0.17185305058956146
0.17894594371318817
0.1793290078639984
0.18028883635997772
0.17913702130317688
0.18113471567630768
0.17405705153942108
0.18110160529613495
0.17582236230373383
0.17417067289352417
0.17283067107200623
0.1793602555990219
0.18273159861564636
0.17858076095581055
0.18090255558490753
0.1778557002544403
0.17778855562210083
0.17789475619792938
0.1778130680322647
0.17499810457229614
0.1726701408624649
0.17489808797836304
0.17830915749073029
0.1790924370288849
0.17672134935855865
0.1743754744529724
0.1803193837404251
0.1725064218044281
0.17994116246700287
0.17402012646198273
0.1760404407978058
0.1758202314376831
0.17107515037059784
0.17257215082645416
0.18600603938102722
0.1826193779706955
0.17920072376728058
0.1729254424571991
0.17454175651073456
0.1773100346326828
0.18017971515655518
0.17920327186584473
0.1800403892993927
0.17517803609371185
0.17418338358402252
0.17679667472839355
0.17101547122001648
0.1800144463777542
0.17676778137683868
0.17520423233509064
0.17970648407936096
0.1778731793165207
0.17041276395320892
0.1789064258337021
0.17305916547775269
0.17585285007953644
0.17558501660823822
0.18056850135326385
0.18056946992874146
0.18037495017051697
0.182456374168396
0.17731137573719025
0.17135827243328094
0.17832258343696594
0.17042365670204163
0.1732872724533081
0.17304183542728424
0.17153753340244293
0.1699625700712204
0.1732151359319687
0.17051097750663757
0.18206799030303955
0.17535559833049774
0.177338108420372
0.1734747737646103
0.17589208483695984
0.19332486391067505
0.16890481114387512
0.18295784294605255
0.18236590921878815
0.17452877759933472
0.17269958555698395
0.17297126352787018
0.17297933995723724
0.18009190261363983
0.17444033920764923
0.17370817065238953
0.17814026772975922
0.17693489789962769
0.17853820323944092
0.17758682370185852
0.17315350472927094
0.17357179522514343
0.1721210926771164
0.1828557550907135
0.1735437512397766
0.17661920189857483
0.18042802810668945
0.17314322292804718
0.17140133678913116
0.17727787792682648
0.17843173444271088
0.1687704473733902
0.17284944653511047
0.1773643046617508
0.17514857649803162
0.17169411480426788
0.17270591855049133
0.17596551775932312
0.17117223143577576
0.173608660697937
0.1785617470741272
0.18061509728431702
0.17239798605442047
0.17791850864887238
0.18138952553272247
0.17836564779281616
0.1758766770362854
0.17461854219436646
0.17701853811740875
0.17938321828842163
0.17875288426876068
0.17220823466777802
0.18612481653690338
0.17808933556079865
0.18061600625514984
0.17584718763828278
0.1832311898469925
0.1732637733221054
0.17818883061408997
0.17710217833518982
0.16982558369636536
0.1799788922071457
0.18012279272079468
0.17719079554080963
0.17866206169128418
0.17635202407836914
0.17452925443649292
0.1730455905199051
0.18360479176044464
0.17497578263282776
0.1767248958349228
0.17179326713085175
0.180015429854393
0.17884685099124908
0.17826086282730103
0.17861126363277435
0.18531477451324463
0.1758197546005249
0.18260808289051056
0.17013363540172577
0.1799393594264984
0.18097350001335144
0.1761728674173355
0.17196190357208252
0.17107488214969635
0.17768742144107819
0.17588301002979279
0.17355357110500336
0.18209004402160645
0.1877422034740448
0.17450672388076782
0.1720232516527176
0.17893852293491364
0.173698291182518
0.18133854866027832
0.17053872346878052
0.18232941627502441
0.17443378269672394
0.1752435863018036
0.17559467256069183
0.1738523691892624
0.17844267189502716
0.17442572116851807
0.17965590953826904
0.17429713904857635
0.18425212800502777
0.17700086534023285
0.1765221208333969
0.1744985431432724
0.17801083624362946
0.17806008458137512
0.17235557734966278
0.19147267937660217
0.17574471235275269
0.1744239330291748
0.18689344823360443
0.1751379370689392
0.1813150942325592
0.1758653074502945
0.17225350439548492
0.1759607195854187
0.17576584219932556
0.17464235424995422
0.18291810154914856
0.17281022667884827
0.1748214215040207
0.18468353152275085
0.17769502103328705
0.1790468543767929
0.18334342539310455
0.1804170459508896
0.1785915046930313
0.17498157918453217
0.17975758016109467
0.17158731818199158
0.17511530220508575
0.17352056503295898
0.1767551451921463
0.1805237978696823
0.17729955911636353
0.18005184829235077
0.17208440601825714
0.1798086166381836
0.17335835099220276
0.1714276224374771
0.17219167947769165
0.1770780235528946
0.17114785313606262
0.17349955439567566
0.1815555840730667
0.174014613032341
0.1775905340909958
0.19707456231117249
0.17148281633853912
0.17284540832042694
0.17983216047286987
0.17314988374710083
0.17949123680591583
0.17585639655590057
0.18227720260620117
0.178530752658844
0.17803815007209778
0.1833299845457077
0.18262845277786255
0.17902565002441406
0.1715649664402008
0.1926623284816742
0.177127406001091
0.1736506223678589
0.17251121997833252
0.17973896861076355
0.17905031144618988
0.17192120850086212
0.1815035045146942
0.17704060673713684
0.18244633078575134
0.17552430927753448
0.17567206919193268
0.17335794866085052
0.18113704025745392
0.1706392616033554
0.1777745485305786
0.1801851987838745
