0.18102414906024933
0.18146270513534546
0.1848488748073578
0.18243663012981415
0.17888204753398895
0.17957618832588196
0.17989395558834076
0.1834886074066162
0.1834012269973755
0.1825682818889618
0.1879313886165619
0.17904941737651825
0.22712193429470062
0.17852671444416046
0.17852100729942322
0.1791895478963852
0.18140311539173126
0.18081974983215332
0.17804011702537537
0.1843647062778473
0.1791692078113556
0.18362851440906525
0.18011097609996796
0.1747015416622162
0.1773643046617508
0.1860128492116928
0.17956073582172394
0.19245053827762604
0.2003251612186432
0.2104979008436203
0.19551369547843933
0.20957034826278687
0.19739456474781036
0.20071502029895782
0.18327917158603668
0.18251052498817444
0.18047389388084412
0.1751112937927246
0.17657512426376343
0.1892586350440979
0.1992940902709961
0.1843242198228836
0.20799873769283295
0.190102681517601
0.18971575796604156
0.18218304216861725
0.18934360146522522
0.1768782138824463
0.1791032999753952
0.1779634803533554
0.18252386152744293
0.17997001111507416
0.18363437056541443
0.19336572289466858
0.19565366208553314
0.19118724763393402
0.19121037423610687
0.1853661686182022
0.18250229954719543
0.19487524032592773
0.18307843804359436
0.19241158664226532
0.19925804436206818
0.20049577951431274
0.18008919060230255
0.20494940876960754
0.17778624594211578
0.20491954684257507
0.18196438252925873
0.18267595767974854
0.17663490772247314
0.1814204752445221
0.1804935783147812
0.17841440439224243
0.20350565016269684
0.18183746933937073
0.18240372836589813
0.1801079660654068
0.1763949990272522
0.1929309219121933
0.17681990563869476
0.18504182994365692
0.17728911340236664
0.17895008623600006
0.18562822043895721
0.1838328242301941
0.1785290539264679
0.18215079605579376
0.17605146765708923
0.17736895382404327
0.17699721455574036
0.17983238399028778
0.1796906739473343
0.1754901260137558
0.17963829636573792
0.19718018174171448
0.17642395198345184
0.17662693560123444
0.17864783108234406
0.17759327590465546
0.18014195561408997
0.17927998304367065
0.17652283608913422
0.180218905210495
0.1907627284526825
0.18255650997161865
0.18102625012397766
0.19372029602527618
0.1826864778995514
0.17864978313446045
0.18418627977371216
0.18220460414886475
0.1790938675403595
0.17772126197814941
0.1767585724592209
0.1779504120349884
0.17992240190505981
0.1780586540699005
0.17808189988136292
0.17991100251674652
0.185507133603096
0.17702998220920563
0.18292130529880524
0.1795811951160431
0.18542426824569702
0.18788903951644897
0.18048830330371857
0.18042157590389252
0.18867164850234985
0.18140240013599396
0.18801286816596985
0.18130499124526978
0.17731750011444092
0.178557887673378
0.17806968092918396
0.17987202107906342
0.19141897559165955
0.17476484179496765
0.17852917313575745
0.1772228628396988
0.1786337047815323
0.17646357417106628
0.17805376648902893
0.18105193972587585
0.17594259977340698
0.18500031530857086
0.1886371225118637
0.18984031677246094
0.18748116493225098
0.18083269894123077
0.18155768513679504
0.19089628756046295
0.1770593672990799
0.19170404970645905
0.17512446641921997
0.1756797730922699
0.17509858310222626
0.18185259401798248
0.1813695728778839
0.1790066510438919
0.18240243196487427
0.18022386729717255
0.18565551936626434
0.18829713761806488
0.18422281742095947
0.1768871396780014
0.17687296867370605
0.18428930640220642
0.18802209198474884
0.17676527798175812
0.17637942731380463
0.17716914415359497
0.1824135184288025
0.1752743422985077
0.17501094937324524
0.18955257534980774
0.18408644199371338
0.17167505621910095
0.17676615715026855
0.1757952719926834
0.18519991636276245
0.18715541064739227
0.1770566999912262
0.1800861805677414
0.17854468524456024
0.18069037795066833
0.17345333099365234
0.17656509578227997
0.17863216996192932
0.18344327807426453
0.1797298938035965
0.1770378053188324
0.17795686423778534
0.17547567188739777
0.17717592418193817
0.17761988937854767
0.1892462968826294
0.18172988295555115
0.18076513707637787
0.18224196135997772
0.17795434594154358
0.1802045702934265
0.18563398718833923
0.1853296309709549
0.18015778064727783
0.18665103614330292
0.17798128724098206
0.18190614879131317
0.17651118338108063
0.18548698723316193
0.19535018503665924
0.17823658883571625
0.17843981087207794
0.1781928986310959
0.1841680109500885
0.18349702656269073
0.1797122359275818
0.18249469995498657
0.19184723496437073
0.18746255338191986
0.1784467101097107
0.18109536170959473
0.17851907014846802
0.17861703038215637
0.17968834936618805
0.1842019259929657
0.18163378536701202
0.18140818178653717
0.18385180830955505
0.18179261684417725
0.18145114183425903
0.17616067826747894
0.17741382122039795
0.18176545202732086
0.18014396727085114
0.17775078117847443
0.17874760925769806
0.17603985965251923
0.18007783591747284
0.20264099538326263
0.17397817969322205
0.1791113168001175
0.18450552225112915
0.18136194348335266
0.17470745742321014
0.18615569174289703
0.18005995452404022
0.1765184849500656
0.1932726949453354
0.18084542453289032
0.18311986327171326
0.19461356103420258
0.1789630651473999
0.17940053343772888
0.1813536435365677
0.1798882633447647
0.19244341552257538
0.1800999492406845
0.18111827969551086
0.17748700082302094
0.1799556314945221
0.178968608379364
0.17945988476276398
0.18634624779224396
0.1851530522108078
0.17865298688411713
0.17839626967906952
0.1798776090145111
0.1779654175043106
0.1790582835674286
0.17755119502544403
0.18921281397342682
0.1836027354001999
0.18363100290298462
0.1771738976240158
0.18586735427379608
0.18371105194091797
0.18188072741031647
0.1902284324169159
0.18797394633293152
0.2001919150352478
0.17459142208099365
0.17394885420799255
0.19661585986614227
0.185993954539299
0.1837759166955948
0.18522456288337708
0.176842600107193
0.17958928644657135
0.17740613222122192
0.18026724457740784
0.1834399700164795
0.1783674955368042
0.17988106608390808
0.1795629858970642
0.1887965202331543
0.17822183668613434
0.19177548587322235
0.17846797406673431
0.18861082196235657
0.17509549856185913
0.1918019950389862
0.19698594510555267
0.18220359086990356
0.17306166887283325
0.1769721359014511
0.17636145651340485
0.1826903223991394
0.19440482556819916
0.17987357079982758
0.1756897270679474
0.19019809365272522
0.17998895049095154
0.18610461056232452
0.18887118995189667
0.19558478891849518
0.17389966547489166
0.18590861558914185
0.2043655961751938
0.19064506888389587
0.18728768825531006
0.1777593493461609
0.19544550776481628
0.17962227761745453
0.18695977330207825
0.17701342701911926
0.17685244977474213
0.17951640486717224
0.1830654889345169
0.1860034167766571
0.18574979901313782
0.18554827570915222
0.17835235595703125
0.1742916703224182
0.1801585555076599
0.17445698380470276
0.17751145362854004
0.19815751910209656
0.18120433390140533
0.20190909504890442
0.1802312284708023
0.17734256386756897
0.1749122440814972
0.17278318107128143
0.17870771884918213
0.18934324383735657
0.1816139817237854
0.1748313456773758
0.17657485604286194
0.19174881279468536
0.17403334379196167
0.17120492458343506
0.17489629983901978
0.1751491278409958
0.19087867438793182
0.17743900418281555
0.186371847987175
0.1854577511548996
0.19379399716854095
0.1849120855331421
0.18159489333629608
0.17404626309871674
0.17529095709323883
0.20886175334453583
0.182586669921875
0.17894329130649567
0.17750786244869232
0.18917272984981537
0.17741906642913818
0.17981047928333282
0.1778603494167328
0.17909839749336243
0.19146974384784698
0.17827199399471283
0.18589377403259277
0.17689788341522217
0.19100406765937805
0.18942293524742126
0.20916925370693207
0.20918454229831696
0.19332000613212585
0.18188737332820892
0.18326374888420105
0.18603545427322388
0.17700138688087463
0.1845255345106125
0.19515293836593628
0.18295052647590637
0.18012554943561554
0.18240469694137573
0.203285813331604
0.19779320061206818
0.1876850575208664
0.1839618980884552
0.175716832280159
0.18262431025505066
0.1790824830532074
0.1816699504852295
0.1821712851524353
0.17493116855621338
0.17491160333156586
0.1783236861228943
0.17955563962459564
0.1825796365737915
0.19157013297080994
0.18019598722457886
0.17944473028182983
0.1742497831583023
0.18842515349388123
0.17772038280963898
0.1772725135087967
0.17661353945732117
0.17735005915164948
0.17990778386592865
0.18023712933063507
0.2030712515115738
0.1802918165922165
0.2018721103668213
0.17526309192180634
0.17760790884494781
0.18219204246997833
0.17866234481334686
0.17649535834789276
0.17460963129997253
0.17872555553913116
0.18307816982269287
0.17993946373462677
0.18233776092529297
0.18164321780204773
0.18495197594165802
0.1767929494380951
0.1757279336452484
0.18001236021518707
0.18061791360378265
0.1869065910577774
0.17164596915245056
0.17154274880886078
0.18733970820903778
0.17868614196777344
0.1950065940618515
0.18773961067199707
0.18160544335842133
0.18511055409908295
0.17522621154785156
0.1817091554403305
0.19362664222717285
0.1857769936323166
0.1899149864912033
0.1797512173652649
0.1727716028690338
0.17876379191875458
0.17750529944896698
0.18101994693279266
0.18384075164794922
0.17680560052394867
0.1872801035642624
0.17688776552677155
0.18001441657543182
0.18080486357212067
0.17995955049991608
0.18753361701965332
0.18192675709724426
0.17231079936027527
0.17988120019435883
0.1792220175266266
0.1813441962003708
0.1788642555475235
0.17922458052635193
0.17772828042507172
0.18133991956710815
0.1784697324037552
0.18351902067661285
0.1895800232887268
0.17501845955848694
0.1774798482656479
0.18028214573860168
0.2037895768880844
0.19326120615005493
0.18104423582553864
0.1771553009748459
0.17563284933567047
0.1840766817331314
0.1928921788930893
0.1820461004972458
0.17595885694026947
0.18005509674549103
0.17582683265209198
0.182021364569664
0.19050778448581696
0.19550088047981262
0.1802956908941269
0.17817345261573792
0.18676184117794037
0.1801106333732605
0.17180167138576508
0.1772424578666687
0.17198778688907623
0.1860119104385376
0.18976150453090668
0.18170179426670074
0.18369393050670624
0.1829260140657425
0.17802131175994873
0.1946013867855072
0.18354304134845734
0.1763760894536972
0.2149413675069809
0.17802642285823822
0.1870356947183609
0.1787167340517044
0.1788063794374466
0.18326473236083984
0.17473192512989044
0.17830675840377808
0.1727936714887619
0.18325947225093842
0.18079857528209686
0.19171003997325897
0.18680532276630402
0.21183840930461884
0.20367532968521118
0.19987089931964874
0.1800614595413208
0.1763121336698532
0.19437801837921143
0.18663707375526428
0.17602960765361786
0.19644756615161896
0.17845751345157623
0.18592455983161926
0.1825193166732788
0.20174065232276917
0.17433859407901764
0.17987725138664246
0.1825360357761383
0.18081042170524597
0.1774158775806427
0.1750904619693756
0.18833082914352417
0.176858589053154
0.1749817430973053
0.18022988736629486
0.1815403401851654
0.19660604000091553
0.17759613692760468
0.20126648247241974
0.19505862891674042
0.1812456101179123
0.18302443623542786
0.18709231913089752
0.1766689121723175
0.17817771434783936
0.18060937523841858
0.17573721706867218
0.17972245812416077
0.17821036279201508
0.17643561959266663
0.17284518480300903
0.18006542325019836
0.18250414729118347
0.1897057294845581
0.18823373317718506
0.17863623797893524
0.19313545525074005
0.17748063802719116
0.18336787819862366
0.17832966148853302
0.1918029487133026
0.17926663160324097
0.17787794768810272
0.19431044161319733
0.18248297274112701
0.19366607069969177
0.18073706328868866
0.17989879846572876
0.18670935928821564
0.18364602327346802
0.1822328269481659
0.1739940047264099
0.19322118163108826
0.1804988831281662
0.17895466089248657
0.17304088175296783
0.17989368736743927
0.1818120926618576
0.18821865320205688
0.18501821160316467
0.18730999529361725
0.1820056289434433
0.19454044103622437
0.1789565235376358
0.17489898204803467
0.18670034408569336
0.18719640374183655
0.17861932516098022
0.17269152402877808
0.1854248195886612
0.19246931374073029
0.1809365600347519
0.17919409275054932
0.18260495364665985
0.17573492228984833
0.18052029609680176
0.18970072269439697
0.17723076045513153
0.18571560084819794
0.20447130501270294
0.18200311064720154
0.18471908569335938
0.1830606907606125
0.17952822148799896
0.1911018192768097
0.1830025166273117
0.1773206740617752
0.19256074726581573
0.1835896372795105
0.18670643866062164
0.18430916965007782
0.1855040192604065
0.18903937935829163
0.18861337006092072
0.18117398023605347
0.18661046028137207
0.18640509247779846
0.17895576357841492
0.1852000653743744
0.19005782902240753
0.20997312664985657
0.20325157046318054
0.17854860424995422
0.19168449938297272
0.17990319430828094
0.1800290048122406
0.1857147514820099
0.1813245564699173
0.1799979954957962
0.20024505257606506
0.18712954223155975
0.17486993968486786
0.19391220808029175
0.17738261818885803
0.1808442622423172
0.17881007492542267
0.18813574314117432
0.184122696518898
0.18688924610614777
0.18240053951740265
0.17628483474254608
0.1802157759666443
0.19412831962108612
0.17248226702213287
0.18530462682247162
0.17719945311546326
0.19820335507392883
0.17637374997138977
0.17561662197113037
0.17797347903251648
0.17961575090885162
0.18586993217468262
0.1789601743221283
0.1814868152141571
0.18775618076324463
0.18198509514331818
0.19460463523864746
0.18290261924266815
0.17690779268741608
0.17521274089813232
0.17860446870326996
0.17700794339179993
0.18134433031082153
0.18713617324829102
0.17655988037586212
0.17539967596530914
0.1746039241552353
0.1927061676979065
0.1751653403043747
0.1809152364730835
0.18120111525058746
0.178452730178833
0.18599049746990204
0.1838664710521698
0.18633653223514557
0.17891579866409302
0.18247376382350922
0.17554523050785065
0.1786782294511795
0.19031941890716553
0.21918554604053497
0.18122591078281403
0.18122263252735138
0.17590898275375366
0.1753290742635727
0.17726902663707733
0.17970743775367737
0.17405661940574646
0.21425102651119232
0.19197751581668854
0.17987389862537384
0.1891195923089981
0.18613922595977783
0.17932778596878052
0.17570658028125763
0.17731612920761108
0.18831871449947357
0.17900200188159943
0.1790691465139389
0.17568616569042206
0.17653170228004456
0.17337004840373993
0.1865106225013733
0.17749978601932526
0.18575824797153473
0.17895519733428955
0.18319764733314514
0.17922012507915497
0.18966063857078552
0.18073713779449463
0.19539719820022583
0.20254799723625183
0.17633047699928284
0.1778469979763031
0.1872393786907196
0.17530688643455505
0.1809602975845337
0.18998044729232788
0.18241655826568604
0.18851017951965332
0.1824939101934433
0.1765975058078766
0.18328802287578583
0.1781885176897049
0.1786346137523651
0.18024051189422607
0.18621724843978882
0.17591449618339539
0.17520244419574738
0.17945988476276398
0.17741623520851135
0.1925690472126007
0.18102344870567322
0.1760740429162979
0.17716965079307556
0.17586326599121094
0.17496970295906067
0.18258027732372284
0.1919642686843872
0.18017129600048065
0.1723630130290985
0.17756512761116028
0.18958930671215057
0.20102322101593018
0.17331306636333466
0.1808452159166336
0.1892600655555725
0.17496038973331451
0.1728551983833313
0.17484231293201447
0.17686453461647034
0.1823085993528366
0.18230362236499786
0.18182791769504547
0.1873166412115097
0.17134369909763336
0.17490963637828827
0.1804506629705429
0.17980237305164337
0.17523305118083954
0.17959843575954437
0.190873920917511
0.17524540424346924
0.1830982118844986
0.18580234050750732
0.1924254596233368
0.20289498567581177
0.18142977356910706
0.17366407811641693
0.2012212872505188
0.1787710189819336
0.17599666118621826
0.17807996273040771
0.18807452917099
0.19863423705101013
0.17940616607666016
0.18417498469352722
0.18289373815059662
0.18564459681510925
0.20915095508098602
0.17921337485313416
0.18088433146476746
0.18922124803066254
0.18587569892406464
0.20651784539222717
0.18237978219985962
0.18806593120098114
0.1773563027381897
0.18827767670154572
0.18051916360855103
0.17522379755973816
0.17914411425590515
0.17649812996387482
0.17312826216220856
0.17797261476516724
0.18597139418125153
0.17392945289611816
0.17901697754859924
0.19070278108119965
0.1771279275417328
0.19023986160755157
0.1798659712076187
0.1800566464662552
0.1908881962299347
0.17439523339271545
0.181878924369812
0.18382570147514343
0.17567284405231476
0.1882784068584442
0.17470748722553253
0.18498317897319794
0.18654988706111908
0.17755526304244995
0.17587001621723175
0.1734326332807541
0.18211090564727783
0.19412004947662354
0.1764243245124817
0.1788865029811859
0.1795545369386673
0.19245438277721405
0.1869189441204071
0.18307526409626007
0.18818195164203644
0.1817326843738556
0.19062718749046326
0.17921818792819977
0.1869349181652069
0.1785825788974762
0.18139870464801788
0.1792832762002945
0.2090376615524292
0.1796981692314148
0.19003364443778992
0.19405007362365723
0.20036010444164276
0.18417426943778992
0.17948339879512787
0.18979983031749725
0.18004772067070007
0.17783638834953308
0.18277610838413239
0.1776088923215866
0.18045255541801453
0.1901567578315735
0.18472976982593536
0.1800258755683899
0.17243456840515137
0.17452292144298553
0.1832164227962494
0.1857582926750183
0.18084420263767242
0.1815970242023468
0.17720291018486023
0.18026313185691833
0.18430909514427185
0.18130525946617126
0.17368486523628235
0.176543727517128
0.1751081496477127
0.17740032076835632
0.17809371650218964
0.19553983211517334
0.17463228106498718
0.18354925513267517
0.17689663171768188
0.1828303039073944
0.18657511472702026
0.18887101113796234
0.1981031447649002
0.18293504416942596
0.17659687995910645
0.19305644929409027
0.17415975034236908
0.2043595314025879
0.18038418889045715
0.17838795483112335
0.17814312875270844
0.18231086432933807
0.17159244418144226
0.18248145282268524
0.18992388248443604
0.18734528124332428
0.18677058815956116
0.18404856324195862
0.1816796362400055
0.1770787239074707
0.1839953362941742
0.17694024741649628
0.1866685301065445
0.18787550926208496
0.1797391176223755
0.17879141867160797
0.180716410279274
0.1829959601163864
0.17990316450595856
0.18621394038200378
0.1869974583387375
0.18145743012428284
0.17765595018863678
0.20014728605747223
0.18220534920692444
0.1758217066526413
0.18280035257339478
0.18597236275672913
0.1765422523021698
0.17601211369037628
0.17869842052459717
0.1817779242992401
0.18081282079219818
0.179612934589386
0.1755962371826172
0.18032734096050262
0.1746504157781601
0.1729506254196167
0.19212102890014648
0.178907111287117
0.17853765189647675
0.1991654336452484
0.1893928200006485
0.17554537951946259
0.17832864820957184
0.17510470747947693
0.1839490830898285
0.19072112441062927
0.17987196147441864
0.17437703907489777
0.19168290495872498
0.17776291072368622
0.209798663854599
0.17676101624965668
0.19321846961975098
0.18755978345870972
0.18431077897548676
0.17837479710578918
0.18142427504062653
0.18925338983535767
0.1751173436641693
0.17898303270339966
0.17909304797649384
0.18553510308265686
0.189760223031044
0.17948076128959656
0.17782127857208252
0.1818835586309433
0.19913335144519806
0.18071618676185608
0.1890726238489151
0.1977887749671936
0.1899188756942749
0.1783899962902069
0.20391084253787994
0.17967551946640015
0.17881540954113007
0.17560561001300812
0.18078449368476868
0.17223960161209106
0.18433435261249542
0.2029544562101364
0.1823679357767105
0.17679782211780548
0.1787373423576355
0.18039579689502716
0.1799745261669159
0.18505750596523285
0.17589758336544037
0.17708851397037506
0.18305857479572296
0.18477271497249603
0.18798430263996124
0.18845093250274658
0.17656883597373962
0.1861756592988968
0.18554876744747162
0.1986371874809265
0.19146479666233063
0.17559047043323517
0.17854103446006775
0.19122256338596344
0.18605253100395203
0.17220865190029144
0.19032186269760132
0.17700499296188354
0.18196697533130646
0.1828979104757309
0.18010632693767548
0.17793866991996765
0.18184353411197662
0.1754196584224701
0.1771256923675537
0.17966634035110474
0.18141761422157288
0.1760784238576889
0.17760023474693298
0.1894340217113495
0.17703208327293396
0.18934929370880127
0.18541614711284637
0.1858465075492859
0.18896521627902985
0.18241779506206512
0.19209761917591095
0.17380063235759735
0.1746578961610794
0.1748548448085785
0.19358646869659424
0.1848113238811493
0.17823803424835205
0.19323848187923431
0.18062323331832886
0.17861329019069672
0.17384770512580872
0.1783112734556198
0.1936904937028885
0.17622464895248413
0.1881202608346939
0.17798082530498505
0.1777442991733551
0.1787954568862915
0.17994286119937897
0.18039441108703613
0.1786600798368454
0.17683495581150055
0.17344333231449127
0.18398022651672363
0.1761987954378128
0.1769697517156601
0.17905481159687042
0.16986088454723358
0.17926105856895447
0.18079133331775665
0.19268999993801117
0.18494226038455963
0.17849275469779968
0.19883839786052704
0.1799340844154358
0.1944897323846817
0.20495504140853882
0.18323682248592377
0.17550359666347504
0.17899830639362335
0.17415225505828857
0.18099941313266754
0.18416516482830048
0.17938017845153809
0.17700031399726868
0.1756950169801712
0.1886487901210785
0.19770805537700653
0.17342273890972137
0.18078722059726715
0.18326890468597412
0.18202871084213257
0.17628608644008636
0.1799468696117401
0.19146135449409485
0.18071436882019043
0.17577867209911346
0.18066956102848053
0.17740225791931152
0.17680536210536957
0.18665854632854462
0.17729562520980835
0.17701895534992218
0.20186571776866913
0.1766778975725174
0.1791832000017166
0.1905001699924469
0.1873553842306137
0.18149131536483765
0.19041751325130463
0.1806318312883377
0.18178367614746094
0.1805437058210373
0.18672078847885132
0.1761494278907776
0.18492719531059265
0.1881391555070877
0.18567238748073578
0.1832340657711029
0.17700164020061493
0.22004476189613342
0.1802060753107071
0.18772614002227783
0.17647793889045715
0.1751924455165863
0.1850966215133667
0.17417246103286743
0.2031298279762268
0.17952896654605865
0.17569206655025482
0.17650875449180603
0.17615382373332977
0.17869049310684204
0.17852471768856049
0.17842860519886017
0.17880655825138092
0.18672485649585724
0.17699506878852844
0.17704282701015472
0.1805625706911087
0.17642134428024292
0.17857865989208221
0.1800765097141266
0.178439661860466
0.1756097823381424
0.18586906790733337
0.17930744588375092
0.17802783846855164
0.18117335438728333
0.18048954010009766
0.17973263561725616
0.1811765432357788
0.17948563396930695
0.1769237518310547
0.18055114150047302
0.18183505535125732
0.17658580839633942
0.1802632063627243
0.18103636801242828
0.17968429625034332
0.18080013990402222
0.18319381773471832
0.18189795315265656
0.17666387557983398
0.18163186311721802
0.17638429999351501
0.1896013468503952
0.1836659461259842
0.1803208589553833
0.18101364374160767
0.1836068332195282
0.18442118167877197
0.18626561760902405
0.18606656789779663
0.1772598773241043
0.17985586822032928
0.18123310804367065
0.1793234497308731
0.18910224735736847
0.18352246284484863
0.1839086413383484
0.18326224386692047
0.18597127497196198
0.18107731640338898
0.17727604508399963
0.17991065979003906
0.17543284595012665
0.18650145828723907
0.18358582258224487
0.1803080141544342
0.1778339296579361
0.17805346846580505
0.18078790605068207
0.17654618620872498
0.17619380354881287
0.1823875904083252
0.18317627906799316
0.1831590086221695
0.17916204035282135
0.18243145942687988
0.17406758666038513
0.17983795702457428
0.1783769130706787
0.17798855900764465
0.18374770879745483
0.18292059004306793
0.17990842461585999
0.17420779168605804
0.18086233735084534
0.17756544053554535
0.18076859414577484
0.17698244750499725
0.17568887770175934
0.1759490817785263
0.17739742994308472
0.17770929634571075
0.18229712545871735
0.18412454426288605
0.17773807048797607
0.17657749354839325
0.18075783550739288
0.1754390299320221
0.19095094501972198
0.17915822565555573
0.1770707219839096
0.17836666107177734
0.1752520501613617
0.17506887018680573
0.182471364736557
0.1797245740890503
0.1793840378522873
0.18388409912586212
0.18220855295658112
0.17765690386295319
0.18159042298793793
0.1782301515340805
0.18129156529903412
0.1789272278547287
0.17894603312015533
0.1876802295446396
0.1955684870481491
0.17911399900913239
0.19019576907157898
0.176538348197937
0.1763499677181244
0.17656655609607697
0.18037199974060059
0.18178120255470276
0.18163752555847168
0.1789039820432663
0.17855486273765564
0.17713256180286407
0.17935389280319214
0.1797242909669876
0.17867283523082733
0.18025243282318115
0.18708109855651855
0.1776461899280548
0.1950235813856125
0.18544791638851166
0.178346186876297
0.17911744117736816
0.1812441051006317
0.17600978910923004
0.1825849413871765
0.1984873265028
0.17471347749233246
0.18800987303256989
0.17847950756549835
0.180421844124794
0.18227577209472656
0.17880086600780487
0.17857708036899567
0.18288841843605042
0.18495109677314758
0.17544212937355042
0.1754157394170761
0.17767654359340668
0.17607247829437256
0.1813409924507141
0.1750202476978302
0.18037065863609314
0.1767064332962036
0.17504556477069855
0.18048545718193054
0.1808992475271225
0.17982150614261627
0.17909716069698334
0.17427337169647217
0.1794687658548355
0.17978927493095398
0.18237344920635223
0.17944511771202087
0.18747496604919434
0.18032555282115936
0.18886356055736542
0.17557688057422638
0.18215452134609222
0.17161430418491364
0.17608101665973663
0.18135127425193787
0.17492908239364624
0.1788722425699234
0.17332914471626282
0.17309603095054626
0.1722005158662796
0.17303447425365448
0.17969927191734314
0.1768076866865158
0.19704481959342957
0.17282523214817047
0.17207442224025726
0.17488938570022583
0.1776871681213379
0.1770649403333664
0.17899656295776367
0.17321132123470306
0.19579176604747772
0.17936918139457703
0.18150018155574799
0.18480026721954346
0.17318561673164368
0.17969085276126862
0.17613878846168518
0.17687511444091797
0.17773538827896118
0.1730540692806244
0.1736975610256195
0.18672512471675873
0.17146259546279907
0.1706756204366684
0.18072965741157532
0.17712539434432983
0.1773032695055008
0.17988286912441254
0.18147717416286469
0.17456115782260895
0.17823731899261475
0.17304764688014984
0.17416277527809143
0.176348477602005
0.17619560658931732
0.1835664063692093
0.1754067838191986
0.17299731075763702
0.17366741597652435
0.18077875673770905
0.17606143653392792
0.17739516496658325
0.1747337132692337
0.17250113189220428
0.17653103172779083
0.17322275042533875
0.1742325872182846
0.183436781167984
0.17863239347934723
0.17091599106788635
0.18244388699531555
0.18273361027240753
0.1726728230714798
0.17430008947849274
0.1787291020154953
0.17635175585746765
0.1698356717824936
0.18183639645576477
0.17560674250125885
0.18308252096176147
0.16884317994117737
0.18051156401634216
0.17671449482440948
0.17313748598098755
0.16861259937286377
0.1787363737821579
0.17608614265918732
0.17929549515247345
0.1817360520362854
0.17678160965442657
0.18086165189743042
0.17310410737991333
0.17021270096302032
0.18129831552505493
0.17471709847450256
0.17381730675697327
0.17662222683429718
0.1822199672460556
0.17384971678256989
0.17545472085475922
0.17220427095890045
0.18175801634788513
0.17541122436523438
0.17657119035720825
0.17417940497398376
0.1774643212556839
0.17339877784252167
0.1781531423330307
0.1756601184606552
0.18095283210277557
0.17472946643829346
0.17546361684799194
0.17576773464679718
0.17244398593902588
0.17850811779499054
0.17336022853851318
0.1802656352519989
0.17839670181274414
0.17228764295578003
0.17567920684814453
0.1792638897895813
0.178367018699646
0.18010897934436798
0.1759389042854309
0.17967930436134338
0.17051826417446136
0.19370797276496887
0.17911288142204285
0.17197151482105255
0.18180610239505768
0.18396303057670593
0.17532089352607727
0.18091563880443573
0.17110426723957062
0.17903897166252136
0.17999255657196045
0.17903047800064087
0.1844416707754135
0.1802619844675064
0.18091519176959991
0.1746211051940918
0.1832004189491272
0.17805689573287964
0.1732662469148636
0.1734059602022171
0.1773654967546463
0.17847251892089844
0.17504313588142395
0.17484547197818756
0.17562583088874817
0.1776367574930191
0.19049513339996338
0.18067654967308044
0.1788356453180313
0.17994053661823273
0.1747477650642395
0.16999319195747375
0.17749695479869843
0.17189781367778778
0.1790575534105301
0.17948012053966522
0.1821056306362152
0.18235673010349274
0.17273567616939545
0.17417927086353302
0.1792123019695282
0.17287005484104156
0.1703096181154251
0.1765100359916687
0.18145416676998138
0.17318134009838104
0.18861199915409088
0.18061606585979462
0.17697110772132874
0.179225355386734
0.1831817626953125
0.19421598315238953
0.17630431056022644
0.17367471754550934
0.17700433731079102
0.1814282387495041
0.17660735547542572
0.17290280759334564
0.16991935670375824
0.17482881247997284
0.1744106113910675
0.181186705827713
0.1762157529592514
0.1831003576517105
0.1975325047969818
0.17261014878749847
0.17339985072612762
0.18185396492481232
0.18160587549209595
0.1816825270652771
0.16903768479824066
0.1723276525735855
0.18133972585201263
0.1828969568014145
0.17139524221420288
0.17925237119197845
0.1763300746679306
0.17800642549991608
0.1715131551027298
0.17687559127807617
0.1777254343032837
0.18246576189994812
0.1764860898256302
0.17890137434005737
0.1779349148273468
0.18290741741657257
0.18127931654453278
0.17361555993556976
0.17613089084625244
0.17863935232162476
0.17181077599525452
0.17649507522583008
0.1752561777830124
0.1771198809146881
0.17476242780685425
0.17230938374996185
0.17448481917381287
0.18541772663593292
0.17483271658420563
0.17360107600688934
0.1797826737165451
0.17589181661605835
0.17789585888385773
0.17780272662639618
0.18033158779144287
0.17554233968257904
0.17168837785720825
0.17842860519886017
0.17585380375385284
0.1742653101682663
0.17298296093940735
0.1836695671081543
0.17398856580257416
0.18149501085281372
0.1788426786661148
0.17331671714782715
0.17450962960720062
0.17578183114528656
0.17794598639011383
0.179996520280838
0.17343908548355103
0.17645706236362457
0.18507054448127747
0.17573697865009308
0.1711706519126892
0.18007144331932068
0.1757081300020218
0.18322956562042236
0.1718306988477707
0.1739455759525299
0.1703559160232544
0.17110925912857056
0.1763940155506134
0.17546206712722778
0.17041794955730438
0.18058191239833832
0.17288345098495483
0.17011721432209015
0.17570580542087555
0.17308253049850464
0.17550140619277954
0.17971771955490112
0.17585790157318115
0.17633871734142303
0.1730540692806244
0.17296342551708221
0.17922019958496094
0.17789913713932037
0.17447029054164886
0.1737481951713562
0.17743544280529022
0.175893634557724
0.18524692952632904
0.17839820683002472
0.1780981421470642
0.16993778944015503
0.17816002666950226
0.17458397150039673
0.1744772046804428
0.17444786429405212
0.18097616732120514
0.1724914014339447
0.17759732902050018
0.1788681596517563
0.1703663319349289
0.17533200979232788
0.17186596989631653
0.17037896811962128
0.17468193173408508
0.17808422446250916
0.17722690105438232
0.17638486623764038
0.1763462871313095
0.1768016517162323
0.17678497731685638
0.18031460046768188
0.18088383972644806
0.17369739711284637
0.17839184403419495
0.17966589331626892
0.1770038902759552
0.18321530520915985
0.1825973242521286
0.17708036303520203
0.1699882447719574
0.17645849287509918
0.1821601539850235
0.18714533746242523
0.17826224863529205
0.17185454070568085
0.1816502958536148
0.17351894080638885
0.1722283661365509
0.17277829349040985
0.17854323983192444
0.17301136255264282
0.17970021069049835
0.17532387375831604
0.1752685308456421
0.17652125656604767
0.1791153848171234
0.17528069019317627
0.17982016503810883
0.17503362894058228
0.17335832118988037
0.17600543797016144
0.17547784745693207
0.17902638018131256
0.1774337887763977
0.17928485572338104
0.17519500851631165
0.17584344744682312
0.17771491408348083
0.17077136039733887
0.1797737181186676
0.17744861543178558
0.1833493411540985
0.17148321866989136
0.17706577479839325
0.1768379807472229
0.17445336282253265
0.17849335074424744
0.17598402500152588
0.1754479557275772
0.1779804229736328
0.1709139347076416
0.17221811413764954
0.17359796166419983
0.1796497404575348
0.17382822930812836
0.1794164925813675
0.17703098058700562
0.17886967957019806
0.17725679278373718
0.18037670850753784
0.1775088757276535
0.1737947016954422
0.1772712916135788
0.17704755067825317
0.17683057487010956
0.17357106506824493
0.17738214135169983
0.17369912564754486
0.18393227458000183
0.17751742899417877
0.1777888685464859
0.17455248534679413
0.1800883263349533
0.1751433163881302
0.1802154779434204
0.17868365347385406
0.17749571800231934
0.17750303447246552
0.1916104108095169
0.1805380880832672
0.17999212443828583
0.18031445145606995
0.1785225123167038
0.17076146602630615
0.17295047640800476
0.1761648803949356
0.17749284207820892
0.17427940666675568
0.18318428099155426
0.17344257235527039
0.17119798064231873
0.17289574444293976
0.180551216006279
0.17826522886753082
0.17848698794841766
0.17960719764232635
0.1754826009273529
0.17663156986236572
0.17986993491649628
0.17698000371456146
0.1815856546163559
0.17607775330543518
0.17825309932231903
0.1798146814107895
0.1725178062915802
0.1804148405790329
0.184957355260849
0.1787792444229126
0.1813458651304245
0.1748197227716446
0.17394337058067322
0.17213544249534607
0.1757557988166809
0.17910350859165192
0.17380540072917938
0.17472906410694122
0.1797781139612198
0.1821000576019287
0.17956401407718658
0.17288711667060852
0.17362995445728302
0.17588506639003754
0.16954420506954193
0.16926796734333038
0.17363308370113373
0.17808650434017181
0.17180462181568146
0.178007572889328
0.17414653301239014
0.18036562204360962
0.18146543204784393
0.17428947985172272
0.17018650472164154
0.17301523685455322
0.17544373869895935
0.1792961061000824
0.17721012234687805
0.17984814941883087
0.1739356368780136
0.17287875711917877
0.17589227855205536
0.1818237602710724
0.18003134429454803
0.1819993108510971
0.18102774024009705
0.17538969218730927
0.176347017288208
0.18288271129131317
0.16909030079841614
0.17138563096523285
0.1748407632112503
0.18113432824611664
0.17337577044963837
0.17389348149299622
0.17744943499565125
0.1767047494649887
0.17425324022769928
0.17937439680099487
0.173413947224617
0.17127104103565216
0.17830123007297516
0.1729409396648407
0.1831519603729248
0.1747117042541504
0.17803795635700226
0.17655505239963531
0.17898501455783844
0.17726723849773407
0.1867586374282837
0.18068787455558777
0.17917968332767487
0.1731652021408081
0.17941784858703613
0.18294577300548553
0.17952239513397217
0.17752531170845032
0.17659537494182587
0.17653238773345947
0.1784363090991974
0.17268598079681396
0.17318476736545563
0.1937337964773178
0.17642876505851746
0.17962995171546936
0.18062013387680054
0.17550188302993774
0.17649102210998535
0.1860833466053009
0.17124173045158386
0.1721092164516449
0.171498641371727
0.17709435522556305
0.17530937492847443
0.17282401025295258
0.17910467088222504
0.17781002819538116
0.18402573466300964
0.17179620265960693
0.17298127710819244
0.18679188191890717
0.17536978423595428
0.17811736464500427
0.17220546305179596
0.17305339872837067
0.18019026517868042
0.171396404504776
0.18017412722110748
0.1750066578388214
0.1753627210855484
0.17465394735336304
0.17557163536548615
0.17266987264156342
0.18757867813110352
0.18508870899677277
0.17323030531406403
0.1787683367729187
0.17928704619407654
0.1803330034017563
0.17418962717056274
0.17368221282958984
0.1751140058040619
0.18466798961162567
0.1756536215543747
0.18323121964931488
0.1873718500137329
0.185048446059227
0.1793583631515503
0.17934775352478027
0.17898567020893097
0.17617912590503693
0.18363282084465027
0.17403635382652283
0.1706392765045166
0.1744585782289505
0.17881089448928833
0.18799632787704468
0.1716468185186386
0.1793106198310852
0.1826283186674118
0.1776786893606186
0.1737336814403534
0.17402541637420654
0.17719770967960358
0.1790316253900528
0.17304681241512299
0.18169356882572174
0.1852329969406128
0.17224447429180145
0.1796358972787857
0.1700490266084671
0.175005704164505
0.17352551221847534
0.17314673960208893
0.1947317123413086
0.17184986174106598
0.18406225740909576
0.1740446835756302
0.17693303525447845
0.17229324579238892
0.17623792588710785
0.17513422667980194
0.176005020737648
0.18029847741127014
0.1775611937046051
0.17384088039398193
0.17318186163902283
0.1811434030532837
0.1782611608505249
0.17657260596752167
0.18234379589557648
0.17578142881393433
0.18189458549022675
0.17793221771717072
0.18299748003482819
0.1727198213338852
0.1769607663154602
0.17270933091640472
0.17358946800231934
0.1722586750984192
0.18421633541584015
0.1732143610715866
0.17195983231067657
0.17958959937095642
0.17524276673793793
0.17685860395431519
0.1781378984451294
0.17942237854003906
0.17906175553798676
0.17765246331691742
0.17542587220668793
0.183676615357399
0.17854256927967072
0.17928873002529144
0.17226743698120117
0.181409552693367
0.17670688033103943
0.17908145487308502
0.17912685871124268
0.17164082825183868
0.17364071309566498
0.17740637063980103
0.17361502349376678
0.17633940279483795
0.1766892969608307
0.17366471886634827
0.17156732082366943
0.1705237179994583
0.1750217080116272
0.1782098412513733
0.17911362648010254
0.18319863080978394
0.1791175752878189
0.17147275805473328
0.17412462830543518
0.18171946704387665
0.18148133158683777
0.17482544481754303
0.17818477749824524
0.17439477145671844
0.17243830859661102
0.18211060762405396
0.18179349601268768
0.1711575984954834
0.17452378571033478
0.17244435846805573
0.182709738612175
0.17910712957382202
0.1711190640926361
0.1798320859670639
0.1815497875213623
0.18648047745227814
0.17640642821788788
0.17303481698036194
0.17838163673877716
0.1733090579509735
0.17516003549098969
0.20009014010429382
0.17148448526859283
0.18318183720111847
0.1781407594680786
0.1759755164384842
0.17499417066574097
0.17404477298259735
0.18102405965328217
0.17661359906196594
0.18191877007484436
0.17731361091136932
0.1745615154504776
0.17308469116687775
0.1829012632369995
0.17928355932235718
0.17837321758270264
0.17177321016788483
0.18075937032699585
0.17354901134967804
0.17744329571723938
0.17836269736289978
0.17984016239643097
0.17386595904827118
0.18038465082645416
0.17826233804225922
0.17352275550365448
0.17571429908275604
0.1795521229505539
0.18458718061447144
0.18292398750782013
0.17334651947021484
0.179090216755867
0.17951390147209167
0.1791568398475647
0.1776992827653885
0.17022645473480225
0.18070288002490997
0.1826692819595337
0.17896802723407745
0.17611268162727356
0.1763094812631607
0.17727221548557281
0.17693693935871124
0.17157702147960663
0.16956304013729095
0.1730930507183075
0.17676889896392822
0.17880316078662872
0.17336705327033997
0.17449283599853516
0.17536842823028564
0.17584942281246185
0.17128799855709076
0.17800574004650116
0.17104093730449677
0.17695367336273193
0.17089338600635529
0.17395520210266113
0.17100319266319275
0.18044909834861755
0.17277050018310547
0.17820371687412262
0.17220215499401093
0.17377734184265137
0.17104379832744598
0.17201845347881317
0.17982900142669678
0.178944393992424
0.17149974405765533
0.17563149333000183
0.1791573315858841
0.17141421139240265
0.17108093202114105
0.17340712249279022
0.17848843336105347
0.17524708807468414
0.17547039687633514
0.18184003233909607
0.1818765252828598
0.18072795867919922
0.18500356376171112
0.17043426632881165
0.18183742463588715
0.1769714653491974
0.17587190866470337
0.17998310923576355
0.1745687574148178
0.17882978916168213
0.17598000168800354
0.17668527364730835
0.17596985399723053
0.18371374905109406
0.18194334208965302
0.17789210379123688
0.17383161187171936
0.1731870025396347
0.1730271577835083
0.17434170842170715
0.17338937520980835
0.17893411219120026
0.1806352734565735
0.17630237340927124
0.18651850521564484
0.17748501896858215
0.17297875881195068
0.17307981848716736
0.17080654203891754
0.182191863656044
0.1790071725845337
0.17367058992385864
0.17499379813671112
0.18235336244106293
0.1803005188703537
0.18055564165115356
0.17984148859977722
0.17423301935195923
0.17879198491573334
0.17521193623542786
0.17076869308948517
0.1754293143749237
0.18311807513237
0.18209460377693176
0.17259010672569275
0.1744021624326706
0.1771240532398224
0.17273397743701935
0.17120368778705597
0.17946743965148926
0.17612239718437195
0.1798853874206543
0.18063697218894958
0.17643311619758606
0.18118949234485626
0.17633838951587677
0.1754170060157776
0.1809587925672531
0.1736060380935669
0.17797213792800903
0.1778184473514557
0.17116694152355194
0.17915597558021545
0.1715315282344818
0.175762340426445
0.18014352023601532
0.17913711071014404
0.1723976582288742
0.18147100508213043
0.17370940744876862
0.17111219465732574
0.17258046567440033
0.1751888245344162
0.17524895071983337
0.17532233893871307
0.17730812728405
0.1754050999879837
0.18531063199043274
0.18122224509716034
0.17771929502487183
0.17962129414081573
0.1838311403989792
0.17567302286624908
0.17543792724609375
0.1818893998861313
0.1813153624534607
0.1773703694343567
0.1695052683353424
0.17102964222431183
0.17569640278816223
0.1737339049577713
0.17874005436897278
0.17916123569011688
0.18113112449645996
0.17382854223251343
0.16984567046165466
0.1806083470582962
0.18126294016838074
0.18287990987300873
0.1717085838317871
0.17239706218242645
0.1761925220489502
0.173871248960495
0.1726231724023819
0.17236271500587463
0.17359188199043274
0.179154634475708
0.18040095269680023
0.17400477826595306
0.17845843732357025
0.18148940801620483
0.17437744140625
0.1764926165342331
0.17436647415161133
0.18191857635974884
0.17279821634292603
0.17242002487182617
0.1747324913740158
0.17294709384441376
0.1726052165031433
0.1733543574810028
0.1776730865240097
0.17695583403110504
0.17395973205566406
0.1757945418357849
0.17954905331134796
0.17608316242694855
0.17712032794952393
0.17475774884223938
0.17689549922943115
0.1745738685131073
0.17401783168315887
0.16877564787864685
0.17678627371788025
0.17749013006687164
0.18174205720424652
0.1763315051794052
0.18039631843566895
0.17976979911327362
0.17728115618228912
0.17452256381511688
0.18103206157684326
0.1741953194141388
0.17091220617294312
0.17305798828601837
0.17974483966827393
0.18147893249988556
0.17444168031215668
0.1774832159280777
0.1772986799478531
0.1744811236858368
0.17371316254138947
0.17516806721687317
0.1769632250070572
0.17189490795135498
0.17295588552951813
0.17346085608005524
0.18269126117229462
0.17511872947216034
0.1723732054233551
0.17906853556632996
0.17771977186203003
0.17765772342681885
0.1718260943889618
0.171269953250885
0.1750233769416809
0.18095633387565613
0.1786346137523651
0.17476707696914673
0.17791104316711426
0.17225800454616547
0.182235449552536
0.17574086785316467
0.17052122950553894
0.18160618841648102
0.1792299598455429
0.17363715171813965
0.1773238331079483
0.17913535237312317
0.17287245392799377
0.1757856160402298
0.17175795137882233
0.18229429423809052
0.17444483935832977
0.17380918562412262
0.17247186601161957
0.18563592433929443
0.17310771346092224
0.1804310381412506
0.18371370434761047
0.17763713002204895
0.17787376046180725
0.17726600170135498
0.17375995218753815
0.1767672449350357
0.17592330276966095
0.1735011786222458
0.17649422585964203
0.16883283853530884
0.17508402466773987
0.18315649032592773
0.1784171164035797
0.1744575947523117
0.17141880095005035
0.17352475225925446
0.17046800255775452
0.18153543770313263
0.17496760189533234
0.17402341961860657
0.17345519363880157
0.17763538658618927
0.17296522855758667
0.17250144481658936
0.18028020858764648
0.1752491593360901
0.17980867624282837
0.18214981257915497
0.18824544548988342
0.18103425204753876
0.1753065586090088
0.1810397505760193
0.17975686490535736
0.17580224573612213
0.18041212856769562
0.17481383681297302
0.17879492044448853
0.18069879710674286
0.1766061782836914
0.18497806787490845
0.17171776294708252
0.18108592927455902
0.17866066098213196
0.1711515486240387
0.18030734360218048
0.17661085724830627
0.16820290684700012
0.17379732429981232
0.1793082356452942
0.18329402804374695
0.1743221879005432
0.17630040645599365
0.17671966552734375
0.18207158148288727
0.1758861243724823
0.18050909042358398
0.17458882927894592
0.17928868532180786
0.17394444346427917
0.1811205893754959
0.17332647740840912
0.17942915856838226
0.180162712931633
0.17907845973968506
0.18272913992404938
0.17505481839179993
0.1789340078830719
0.17617590725421906
0.18285977840423584
0.1735951155424118
0.18113096058368683
0.17332656681537628
0.18021467328071594
0.17439402639865875
0.17187544703483582
0.17620322108268738
0.18276306986808777
0.17925605177879333
0.17567697167396545
0.17593689262866974
0.17563281953334808
0.17948535084724426
0.17721983790397644
0.17185305058956146
0.17894594371318817
0.1793290674686432
0.1802888810634613
0.17913903295993805
0.18113471567630768
0.17405705153942108
0.18110160529613495
0.17582237720489502
0.17417067289352417
0.1728304922580719
0.17936016619205475
0.18273159861564636
0.17858076095581055
0.18090255558490753
0.17785431444644928
0.17778855562210083
0.17789475619792938
0.1778130829334259
0.17499810457229614
0.1726701408624649
0.17489752173423767
0.1783091425895691
0.1790924370288849
0.17672134935855865
0.17437544465065002
0.1803193837404251
0.1725064218044281
0.17994128167629242
0.17402014136314392
0.1760414093732834
0.1758202314376831
0.17107513546943665
0.17257215082645416
0.18600603938102722
0.18261884152889252
0.17919987440109253
0.17292523384094238
0.174541175365448
0.17731010913848877
0.18018122017383575
0.17920327186584473
0.1800404042005539
0.17517803609371185
0.17418338358402252
0.17679667472839355
0.1710153967142105
0.1800144463777542
0.17676778137683868
0.17520421743392944
0.17970648407936096
0.17787298560142517
0.17041274905204773
0.17890648543834686
0.1730594038963318
0.17585285007953644
0.17558501660823822
0.18056850135326385
0.18056952953338623
0.18037515878677368
0.182456374168396
0.17731137573719025
0.1713583767414093
0.1783227175474167
0.17042365670204163
0.1732872724533081
0.1730414777994156
0.17153804004192352
0.1699625700712204
0.1732151359319687
0.17051078379154205
0.18206799030303955
0.17535559833049774
0.17733809351921082
0.1734747737646103
0.17589184641838074
0.19332477450370789
0.16890475153923035
0.18295784294605255
0.18236590921878815
0.1745292693376541
0.17269958555698395
0.1729711890220642
0.17297932505607605
0.1800919473171234
0.17444069683551788
0.17370817065238953
0.17814025282859802
0.17693489789962769
0.17853879928588867
0.17758682370185852
0.17315350472927094
0.17357192933559418
0.1721210926771164
0.18285590410232544
0.17354397475719452
0.17661921679973602
0.18042802810668945
0.17314322292804718
0.17140133678913116
0.1772773712873459
0.1784316599369049
0.16877038776874542
0.17284947633743286
0.1773642897605896
0.17514857649803162
0.17169412970542908
0.17270538210868835
0.17596551775932312
0.17117223143577576
0.173608660697937
0.17856182157993317
0.18061500787734985
0.17239803075790405
0.17791850864887238
0.18138952553272247
0.17836563289165497
0.1758769452571869
0.17461854219436646
0.17701853811740875
0.1793835312128067
0.17875288426876068
0.17220823466777802
0.18612252175807953
0.17808933556079865
0.18061600625514984
0.1758471429347992
0.1832311898469925
0.1732637733221054
0.17818883061408997
0.17710185050964355
0.16982558369636536
0.17997869849205017
0.1801227480173111
0.1771908849477768
0.17866143584251404
0.17635218799114227
0.1745292991399765
0.1730455905199051
0.18360479176044464
0.17497579753398895
0.17672474682331085
0.17179326713085175
0.180015429854393
0.17884685099124908
0.17826037108898163
0.17861126363277435
0.18531453609466553
0.1758197546005249
0.18261003494262695
0.1701333373785019
0.1799393594264984
0.18097350001335144
0.1761728823184967
0.17196190357208252
0.17107509076595306
0.17768742144107819
0.17588306963443756
0.17355354130268097
0.18209004402160645
0.1877422034740448
0.17450670897960663
0.1720232367515564
0.17893823981285095
0.1736982762813568
0.18133854866027832
0.17054012417793274
0.18232941627502441
0.17443378269672394
0.1752433031797409
0.17559464275836945
0.1738518327474594
0.17844267189502716
0.17442572116851807
0.1796557456254959
0.17429733276367188
0.18425212800502777
0.17700065672397614
0.17652317881584167
0.17449910938739777
0.17801082134246826
0.17806008458137512
0.17235557734966278
0.19147436320781708
0.17574471235275269
0.1744239628314972
0.18689344823360443
0.17513775825500488
0.18131521344184875
0.1758653074502945
0.17225347459316254
0.1759607195854187
0.17576582729816437
0.17464235424995422
0.18291790783405304
0.17281022667884827
0.1748214066028595
0.18468353152275085
0.17769502103328705
0.1790468543767929
0.18334342539310455
0.1804170459508896
0.1785915493965149
0.17498160898685455
0.17975662648677826
0.17158718407154083
0.17511531710624695
0.17352022230625153
0.1767551749944687
0.18052378296852112
0.17729948461055756
0.18005238473415375
0.17208419740200043
0.17980875074863434
0.17335835099220276
0.1714276224374771
0.17219167947769165
0.1770780235528946
0.17114785313606262
0.17349882423877716
0.1815555840730667
0.1740146428346634
0.1775905340909958
0.19707456231117249
0.17148281633853912
0.17284540832042694
0.17983216047286987
0.17314988374710083
0.17949123680591583
0.17585638165473938
0.18227720260620117
0.178530752658844
0.17803815007209778
0.18332791328430176
0.18262845277786255
0.17902594804763794
0.17156529426574707
0.1926623284816742
0.17712731659412384
0.1736506223678589
0.17251120507717133
0.1797371506690979
0.17905031144618988
0.17192287743091583
0.18150359392166138
0.17704077064990997
0.18244633078575134
0.17552396655082703
0.17567206919193268
0.17335806787014008
0.18113696575164795
0.1706392616033554
0.1777745485305786
0.18018515408039093
