0.1794358491897583
0.1930665373802185
0.17554672062397003
0.1827894151210785
0.17471225559711456
0.19796644151210785
0.17997537553310394
0.17940419912338257
0.17429408431053162
0.17612656950950623
0.17667333781719208
0.1940922886133194
0.1808415949344635
0.18026083707809448
0.18345467746257782
0.18121260404586792
0.17575354874134064
0.19063910841941833
0.18231669068336487
0.1782684624195099
0.1750504970550537
0.1749231368303299
0.17593948543071747
0.1813180148601532
0.17806924879550934
0.18194901943206787
0.1768566519021988
0.17613200843334198
0.1739874929189682
0.17500561475753784
0.1763591170310974
0.17941462993621826
0.17713980376720428
0.17811110615730286
0.19491100311279297
0.17496870458126068
0.17943641543388367
0.18023045361042023
0.1733047515153885
0.1816544532775879
0.17585211992263794
0.17724750936031342
0.17584049701690674
0.17634494602680206
0.17732174694538116
0.1771267205476761
0.17325909435749054
0.17749084532260895
0.19124992191791534
0.19298839569091797
0.1775503307580948
0.17654332518577576
0.17540816962718964
0.17466114461421967
0.1793537586927414
0.1855015754699707
0.18061548471450806
0.18110331892967224
0.17764107882976532
0.17797642946243286
0.17639172077178955
0.17301422357559204
0.17964883148670197
0.18054576218128204
0.17119134962558746
0.17765435576438904
0.17553052306175232
0.17716147005558014
0.17385952174663544
0.1756281852722168
0.17930355668067932
0.17862431704998016
0.1796937882900238
0.1780737191438675
0.1732805222272873
0.17790016531944275
0.1772371530532837
0.18529148399829865
0.18606531620025635
0.19026219844818115
0.1760796755552292
0.17963995039463043
0.17698200047016144
0.17582876980304718
0.179439976811409
0.1765981763601303
0.17864356935024261
0.18002921342849731
0.1714961975812912
0.18009619414806366
0.1802079975605011
0.18128035962581635
0.17451249063014984
0.1778745949268341
0.18880286812782288
0.1951693892478943
0.1792079657316208
0.17422054708003998
0.17546558380126953
0.175535187125206
0.1776590198278427
0.1786627620458603
0.17403675615787506
0.19251102209091187
0.17760980129241943
0.17496858537197113
0.19296932220458984
0.17323000729084015
0.17643791437149048
0.17962951958179474
0.18209467828273773
0.18085601925849915
0.18463349342346191
0.17419381439685822
0.17781652510166168
0.17629434168338776
0.17956413328647614
0.18163946270942688
0.17553429305553436
0.175111785531044
0.17734606564044952
0.17788441479206085
0.1822454035282135
0.1738293617963791
0.17819273471832275
0.1809198260307312
0.1754540652036667
0.17711307108402252
0.18953432142734528
0.17994345724582672
0.1774856597185135
0.18008039891719818
0.1771225929260254
0.1799180656671524
0.17810988426208496
0.176168754696846
0.1823793649673462
0.18116503953933716
0.17589639127254486
0.17815744876861572
0.175816610455513
0.1803610473871231
0.1842999905347824
0.1724998950958252
0.17643998563289642
0.18123045563697815
0.17672741413116455
0.17650912702083588
0.17259828746318817
0.17741791903972626
0.18468376994132996
0.17942355573177338
0.18202079832553864
0.17488445341587067
0.18653754889965057
0.1785161793231964
0.1765100061893463
0.17990849912166595
0.18066374957561493
0.1797906756401062
0.17770341038703918
0.17895913124084473
0.17683418095111847
0.17805470526218414
0.1738882064819336
0.1787746697664261
0.19638288021087646
0.19542165100574493
0.17309850454330444
0.17620570957660675
0.18006186187267303
0.17509247362613678
0.17467999458312988
0.1844167560338974
0.19261988997459412
0.17585153877735138
0.17814788222312927
0.17189709842205048
0.1763908863067627
0.17744921147823334
0.17833386361598969
0.1733166128396988
0.17825503647327423
0.182362362742424
0.17570726573467255
0.17750805616378784
0.18252873420715332
0.17705285549163818
0.17523734271526337
0.17292273044586182
0.17888566851615906
0.17277422547340393
0.17924955487251282
0.18099264800548553
0.18421636521816254
0.17612633109092712
0.17213311791419983
0.1810992956161499
0.17743489146232605
0.17236825823783875
0.17479439079761505
0.17658445239067078
0.17521561682224274
0.17656542360782623
0.17518742382526398
0.17960421741008759
0.17480185627937317
0.17677073180675507
0.17989841103553772
0.17644524574279785
0.1842835247516632
0.17956258356571198
0.17567050457000732
0.17704790830612183
0.18250823020935059
0.18722237646579742
0.1728096902370453
0.18319860100746155
0.17931514978408813
0.17814446985721588
0.17516639828681946
0.1775227040052414
0.18502743542194366
0.17530275881290436
0.17230507731437683
0.17511090636253357
0.17567089200019836
0.17799285054206848
0.1741168051958084
0.1757175624370575
0.17797236144542694
0.17959675192832947
0.17544423043727875
0.17579510807991028
0.1765221506357193
0.17856384813785553
0.17301905155181885
0.17680451273918152
0.18614375591278076
0.1780642420053482
0.1847904622554779
0.17773526906967163
0.1813896745443344
0.1929289549589157
0.1791825294494629
0.1759919375181198
0.17715410888195038
0.17654463648796082
0.17615608870983124
0.18207532167434692
0.17744897305965424
0.17810498178005219
0.17512892186641693
0.18168583512306213
0.17358320951461792
0.1726650595664978
0.17218245565891266
0.17987468838691711
0.17577378451824188
0.17660106718540192
0.18020479381084442
0.17767731845378876
0.18040984869003296
0.17922964692115784
0.1709364801645279
0.17409934103488922
0.18047483265399933
0.17435158789157867
0.17327024042606354
0.17650969326496124
0.17504660785198212
0.1746637225151062
0.17556211352348328
0.1836596578359604
0.17921479046344757
0.1797873079776764
0.17705640196800232
0.1761036217212677
0.17987556755542755
0.1834564507007599
0.17532940208911896
0.17649146914482117
0.19282259047031403
0.1789196878671646
0.17525550723075867
0.17661286890506744
0.17481555044651031
0.18072645366191864
0.18409723043441772
0.17891143262386322
0.1777004450559616
0.17471732199192047
0.17128422856330872
0.20179657638072968
0.176863431930542
0.17754985392093658
0.18094021081924438
0.17659178376197815
0.1801174134016037
0.17986442148685455
0.20556287467479706
0.17996624112129211
0.1756964772939682
0.17965511977672577
0.1830994188785553
0.17268484830856323
0.17805875837802887
0.175429105758667
0.17596019804477692
0.17552559077739716
0.17111603915691376
0.17983536422252655
0.18230977654457092
0.17666508257389069
0.19167938828468323
0.1744994819164276
0.17738059163093567
0.1753777265548706
0.17684467136859894
0.1895972490310669
0.174078568816185
0.17524315416812897
0.17591193318367004
0.18113477528095245
0.17060486972332
0.17262104153633118
0.1791028082370758
0.1745672971010208
0.17344455420970917
0.18155397474765778
0.18467752635478973
0.17679214477539062
0.18802018463611603
0.1763087511062622
0.1902732104063034
0.18480095267295837
0.17676834762096405
0.1756652146577835
0.1780814230442047
0.17349764704704285
0.17764709889888763
0.17858436703681946
0.17294956743717194
0.17703813314437866
0.17608396708965302
0.18438631296157837
0.18709740042686462
0.1785007119178772
0.17973093688488007
0.17992211878299713
0.1755949705839157
0.17924803495407104
0.1730402112007141
0.18695123493671417
0.17656879127025604
0.18066014349460602
0.1795196384191513
0.17951665818691254
0.17701199650764465
0.19787763059139252
0.18110144138336182
0.17751453816890717
0.17756547033786774
0.17715062201023102
0.1790052056312561
0.18190185725688934
0.1834924966096878
0.17792347073554993
0.17563296854496002
0.17369228601455688
0.17306575179100037
0.17662744224071503
0.17474611103534698
0.17786556482315063
0.17458656430244446
0.18159350752830505
0.1761741042137146
0.18186919391155243
0.174760103225708
0.18629492819309235
0.17582352459430695
0.1754707545042038
0.18588675558567047
0.18279008567333221
0.1762269139289856
0.18040288984775543
0.177240788936615
0.17993119359016418
0.1766529381275177
0.18692366778850555
0.18306288123130798
0.17692580819129944
0.17399439215660095
0.1766229271888733
0.1770862489938736
0.1809401512145996
0.17699122428894043
0.1779230237007141
0.18095248937606812
0.18779350817203522
0.17900383472442627
0.17468731105327606
0.1780073344707489
0.17725208401679993
0.17170065641403198
0.1806311309337616
0.17290464043617249
0.17527097463607788
0.17881262302398682
0.1783478558063507
0.17708797752857208
0.17897392809391022
0.18423296511173248
0.1769825518131256
0.17671208083629608
0.17686593532562256
0.17571085691452026
0.17712746560573578
0.1713883876800537
0.17926719784736633
0.17701710760593414
0.17766384780406952
0.17402644455432892
0.17502433061599731
0.17562036216259003
0.1737656444311142
0.1779477298259735
0.18146838247776031
0.18057748675346375
0.17930378019809723
0.17617037892341614
0.17834727466106415
0.17729304730892181
0.1740829199552536
0.1750846654176712
0.17915038764476776
0.1787923127412796
0.17898614704608917
0.18389849364757538
0.18250198662281036
0.178689643740654
0.18434220552444458
0.17684926092624664
0.17568950355052948
0.17479826509952545
0.17522293329238892
0.18031562864780426
0.1873456835746765
0.1745416522026062
0.18147012591362
0.17968519032001495
0.1774468719959259
0.17769411206245422
0.18023012578487396
0.1852545142173767
0.18025460839271545
0.17998385429382324
0.17937925457954407
0.17611084878444672
0.17487461864948273
0.17591989040374756
0.18997608125209808
0.2062428593635559
0.1773233264684677
0.1778409779071808
0.17773692309856415
0.1795654594898224
0.17403613030910492
0.17541679739952087
0.174757719039917
0.18576566874980927
0.19381928443908691
0.17844809591770172
0.17294688522815704
0.17747259140014648
0.1705549955368042
0.17493943870067596
0.17805539071559906
0.18068593740463257
0.17568746209144592
0.17845693230628967
0.17485366761684418
0.1760716438293457
0.17422452569007874
0.17607057094573975
0.183012917637825
0.17923447489738464
0.17633706331253052
0.1776118278503418
0.17775440216064453
0.17603307962417603
0.1768437623977661
0.17567875981330872
0.17921608686447144
0.17601804435253143
0.18986615538597107
0.17628580331802368
0.18666836619377136
0.18224099278450012
0.1718605011701584
0.17716996371746063
0.17748354375362396
0.1751602739095688
0.1896848827600479
0.17715807259082794
0.17850661277770996
0.17995451390743256
0.18050073087215424
0.17716830968856812
0.176382377743721
0.17749814689159393
0.17839795351028442
0.18728436529636383
0.18093305826187134
0.1766366958618164
0.18287865817546844
0.17766568064689636
0.17525522410869598
0.17937935888767242
0.173325777053833
0.1779046356678009
0.18161539733409882
0.1836525946855545
0.1779612898826599
0.179610475897789
0.17951402068138123
0.17766575515270233
0.17747776210308075
0.18033279478549957
0.1782236248254776
0.1783493459224701
0.1797189861536026
0.17436225712299347
0.17870505154132843
0.1742129772901535
0.17599979043006897
0.17755690217018127
0.19677229225635529
0.17888054251670837
0.17413653433322906
0.1748679131269455
0.1756504625082016
0.17396311461925507
0.19932781159877777
0.17317001521587372
0.17360125482082367
0.18786118924617767
0.1810789853334427
0.17934320867061615
0.17785462737083435
0.18523038923740387
0.1757081151008606
0.18080513179302216
0.17801128327846527
0.18515707552433014
0.1773817092180252
0.1772957742214203
0.17371629178524017
0.1766764521598816
0.17719964683055878
0.17599022388458252
0.1831960827112198
0.17761002480983734
0.17414714395999908
0.17637039721012115
0.17620031535625458
0.18441298604011536
0.17656852304935455
0.1758977621793747
0.17838865518569946
0.17697586119174957
0.1744449883699417
0.17636258900165558
0.18717293441295624
0.1753874570131302
0.17924927175045013
0.188369020819664
0.17658856511116028
0.17800861597061157
0.1790854036808014
0.17215166985988617
0.17194721102714539
0.17386256158351898
0.17976433038711548
0.18038682639598846
0.17496944963932037
0.17843317985534668
0.17323358356952667
0.18477284908294678
0.17810066044330597
0.1767764836549759
0.1736934930086136
0.18257661163806915
0.17533829808235168
0.17793940007686615
0.17820040881633759
0.17264854907989502
0.17694468796253204
0.18915937840938568
0.17890192568302155
0.1755611151456833
0.1756269633769989
0.18240009248256683
0.17994485795497894
0.17887423932552338
0.17834867537021637
0.17545856535434723
0.1804313063621521
0.1767950803041458
0.17870979011058807
0.18160438537597656
0.1817919760942459
0.1741134524345398
0.17469097673892975
0.1767212301492691
0.1767657995223999
0.17678950726985931
0.17845560610294342
0.1783396601676941
0.1744527816772461
0.19206503033638
0.17862480878829956
0.18210937082767487
0.186416894197464
0.1770957112312317
0.18136872351169586
0.18525534868240356
0.1786617487668991
0.17637984454631805
0.18053467571735382
0.17490993440151215
0.17907558381557465
0.17470398545265198
0.17703625559806824
0.1786961555480957
0.18247124552726746
0.17481446266174316
0.1720677763223648
0.18230804800987244
0.1742461621761322
0.17609959840774536
0.17667430639266968
0.18455719947814941
0.1747761070728302
0.19037625193595886
0.1757979840040207
0.18153133988380432
0.17413043975830078
0.17663076519966125
0.17695465683937073
0.18022608757019043
0.18208034336566925
0.17825794219970703
0.17809712886810303
0.17737945914268494
0.17638511955738068
0.17367449402809143
0.17791420221328735
0.20868122577667236
0.1790134161710739
0.1916521191596985
0.18817250430583954
0.18744800984859467
0.17471849918365479
0.18469153344631195
0.1829565167427063
0.17722509801387787
0.17742276191711426
0.17952993512153625
0.17208066582679749
0.17797723412513733
0.17786797881126404
0.1772758513689041
0.1854425072669983
0.18021364510059357
0.17634497582912445
0.18910208344459534
0.17144283652305603
0.17881056666374207
0.18176378309726715
0.17346584796905518
0.17711792886257172
0.1777627021074295
0.18338380753993988
0.17895403504371643
0.17603141069412231
0.1723644882440567
0.1836806833744049
0.17750033736228943
0.1705167442560196
0.17879948019981384
0.18069714307785034
0.17757070064544678
0.1805327981710434
0.1751057505607605
0.17324183881282806
0.1755901575088501
0.1837015450000763
0.1776338815689087
0.18005819618701935
0.17447035014629364
0.17255084216594696
0.17473265528678894
0.1749168336391449
0.17350180447101593
0.18125571310520172
0.1718277484178543
0.18739457428455353
0.17363473773002625
0.17680399119853973
0.17846021056175232
0.175821453332901
0.1765592247247696
0.1876293271780014
0.17303138971328735
0.1805213838815689
0.17828041315078735
0.17813003063201904
0.17939019203186035
0.17797771096229553
0.17856620252132416
0.18268661201000214
0.17133700847625732
0.18396134674549103
0.17772138118743896
0.17712336778640747
0.17971202731132507
0.1766623705625534
0.1799192875623703
0.17573752999305725
0.1819448322057724
0.17482149600982666
0.17711380124092102
0.17397598922252655
0.17196884751319885
0.17321595549583435
0.17642974853515625
0.18245509266853333
0.18025338649749756
0.18057948350906372
0.18332356214523315
0.178867369890213
0.1795291155576706
0.17760996520519257
0.17890512943267822
0.17441293597221375
0.1877458244562149
0.18253110349178314
0.17390209436416626
0.1759289652109146
0.1780776083469391
0.18015597760677338
0.17537203431129456
0.17248709499835968
0.17534740269184113
0.1772250533103943
0.17158320546150208
0.17503057420253754
0.17356669902801514
0.17868755757808685
0.18321670591831207
0.18115700781345367
0.17331631481647491
0.1759442687034607
0.19973735511302948
0.17337803542613983
0.17894408106803894
0.1785520315170288
0.17916284501552582
0.1768387258052826
0.18005603551864624
0.18308889865875244
0.1765330731868744
0.17397473752498627
0.18066340684890747
0.17774251103401184
0.17901234328746796
0.17051590979099274
0.17829325795173645
0.17790795862674713
0.17695344984531403
0.17416827380657196
0.17594283819198608
0.17609378695487976
0.1746220886707306
0.18945962190628052
0.17640244960784912
0.17405180633068085
0.1831316202878952
0.17792056500911713
0.17606179416179657
0.18598508834838867
0.17237022519111633
0.17662937939167023
0.17803312838077545
0.17457042634487152
0.17573431134223938
0.17526228725910187
0.1790338009595871
0.17835766077041626
0.1745823174715042
0.18748536705970764
0.18150313198566437
0.17372143268585205
0.18037861585617065
0.17670664191246033
0.19389677047729492
0.17895953357219696
0.17588621377944946
0.17735826969146729
0.17462292313575745
0.17360948026180267
0.17107468843460083
0.17369453608989716
0.17218324542045593
0.17665180563926697
0.17515599727630615
0.17912162840366364
0.1909254789352417
0.17450809478759766
0.17686474323272705
0.17840203642845154
0.17971999943256378
0.17816108465194702
0.1825850009918213
0.18851719796657562
0.1747875064611435
0.17657828330993652
0.17632022500038147
0.17539860308170319
0.17366179823875427
0.18174949288368225
0.17429345846176147
0.18276841938495636
0.1754046231508255
0.17708820104599
0.1771085560321808
0.1791258007287979
0.17577295005321503
0.17336072027683258
0.17591534554958344
0.17590180039405823
0.17820554971694946
0.175789475440979
0.17611558735370636
0.1804875135421753
0.1752791702747345
0.17883870005607605
0.1789119988679886
0.18408969044685364
0.1741974651813507
0.17636831104755402
0.17480158805847168
0.17531543970108032
0.1783936768770218
0.17718839645385742
0.1811288297176361
0.17493018507957458
0.18069115281105042
0.17921461164951324
0.17931605875492096
0.17329582571983337
0.17615291476249695
0.1758815050125122
0.1793743222951889
0.17874270677566528
0.17281629145145416
0.18070663511753082
0.1895420402288437
0.18448229134082794
0.17944851517677307
0.19047284126281738
0.19697436690330505
0.18184946477413177
0.18103492259979248
0.17410998046398163
0.17665784060955048
0.177530899643898
0.17271026968955994
0.18874487280845642
0.1790436953306198
0.17905299365520477
0.1761636734008789
0.17473506927490234
0.1751580536365509
0.17718368768692017
0.17557458579540253
0.17704837024211884
0.1753363162279129
0.1795290857553482
0.17653730511665344
0.1842666119337082
0.17649035155773163
0.18055430054664612
0.1788903921842575
0.1784982979297638
0.17731386423110962
0.19548477232456207
0.17788417637348175
0.17864778637886047
0.17407691478729248
0.18099062144756317
0.18382970988750458
0.1771320104598999
0.17352543771266937
0.17756158113479614
0.17447173595428467
0.17304953932762146
0.1838180273771286
0.17742957174777985
0.175800159573555
0.17111968994140625
0.18471652269363403
0.17736485600471497
0.17894114553928375
0.17600104212760925
0.17822690308094025
0.17915886640548706
0.18047046661376953
0.17235694825649261
0.1814204603433609
0.17505322396755219
0.1841944009065628
0.18187099695205688
0.17494265735149384
0.17999699711799622
0.17800302803516388
0.17539042234420776
0.1776052564382553
0.17684905230998993
0.174666166305542
0.18560536205768585
0.17426937818527222
0.17616748809814453
0.17628765106201172
0.19763027131557465
0.17971494793891907
0.18034137785434723
0.17431925237178802
0.17287269234657288
0.17689110338687897
0.17713633179664612
0.17659799754619598
0.1777469366788864
0.18050488829612732
0.1756407469511032
0.17887620627880096
0.17509107291698456
0.1917864978313446
0.18605689704418182
0.17442995309829712
0.1797211468219757
0.17598871886730194
0.1722131371498108
0.18132556974887848
0.17530731856822968
0.17794965207576752
0.1759689301252365
0.1850230097770691
0.17391541600227356
0.17799825966358185
0.17491474747657776
0.17588195204734802
0.1716201901435852
0.18003185093402863
0.17820844054222107
0.17372702062129974
0.17603367567062378
0.18030397593975067
0.17730411887168884
0.17494739592075348
0.17820928990840912
0.1748107522726059
0.17979663610458374
0.17746369540691376
0.17912422120571136
0.17995098233222961
0.17433024942874908
0.17625941336154938
0.1807391345500946
0.18222437798976898
0.1793861985206604
0.17391850054264069
0.17746502161026
0.18999983370304108
0.19093547761440277
0.17856119573116302
0.17455951869487762
0.18441104888916016
0.1780434399843216
0.1788037121295929
0.17780913412570953
0.17401932179927826
0.17672130465507507
0.18632957339286804
0.17583288252353668
0.17911890149116516
0.17762546241283417
0.17883913218975067
0.1792241483926773
0.1778186857700348
0.18005099892616272
0.177776500582695
0.1752496361732483
0.17640571296215057
0.17742589116096497
0.1788557767868042
0.1769780069589615
0.1768372356891632
0.18044111132621765
0.17427778244018555
0.1805347353219986
0.17501159012317657
0.17917056381702423
0.1907721757888794
0.1935228407382965
0.18707060813903809
0.17800955474376678
0.18180476129055023
0.18416540324687958
0.1779274195432663
0.17761017382144928
0.18425895273685455
0.17625583708286285
0.1714998185634613
0.18095967173576355
0.1732591986656189
0.17771607637405396
0.173154816031456
0.17696349322795868
0.17708732187747955
0.17644688487052917
0.17422552406787872
0.17789915204048157
0.1792173832654953
0.18284164369106293
0.18187594413757324
0.1867230087518692
0.17957182228565216
0.17563532292842865
0.18599189817905426
0.17723241448402405
0.1903553009033203
0.17606528103351593
0.17640621960163116
0.18359307944774628
0.20507147908210754
0.17335069179534912
0.1772931069135666
0.18519403040409088
0.18118388950824738
0.17387603223323822
0.17706960439682007
0.1728222370147705
0.1763324737548828
0.1808086484670639
0.1755121648311615
0.184965580701828
0.17733311653137207
0.17805199325084686
0.17860089242458344
0.18144065141677856
0.19381582736968994
0.17464467883110046
0.18067510426044464
0.1727011352777481
0.1869322508573532
0.17841768264770508
0.1764768809080124
0.17414093017578125
0.17599239945411682
0.1790468841791153
0.17748607695102692
0.1811419427394867
0.1812766045331955
0.17298026382923126
0.17585232853889465
0.1765524297952652
0.17601646482944489
0.1758994609117508
0.17727354168891907
0.17348377406597137
0.17612826824188232
0.1718674749135971
0.1741660088300705
0.17957718670368195
0.17552076280117035
0.17349587380886078
0.1782081574201584
0.1772480607032776
0.17807163298130035
0.1822933405637741
0.1770503968000412
0.17864343523979187
0.17235495150089264
0.17309466004371643
0.1749158799648285
0.1796681135892868
0.17393600940704346
0.17471575736999512
0.17519599199295044
0.18249575793743134
0.17798274755477905
0.1748228669166565
0.18067771196365356
0.18023507297039032
0.17417852580547333
0.17480821907520294
0.17479924857616425
0.20756427943706512
0.18614675104618073
0.18353252112865448
0.18085354566574097
0.18141606450080872
0.1748829483985901
0.17368386685848236
0.17662984132766724
0.17650248110294342
0.17640607059001923
0.17816726863384247
0.17937171459197998
0.17881318926811218
0.17678169906139374
0.18720561265945435
0.17487309873104095
0.1773502081632614
0.17187117040157318
0.17728756368160248
0.18267302215099335
0.17994661629199982
0.17880985140800476
0.17703978717327118
0.17598582804203033
0.17683890461921692
0.18301135301589966
0.1748654693365097
0.16998784244060516
0.1749672293663025
0.17397135496139526
0.1734229028224945
0.17842772603034973
0.1800762563943863
0.17753642797470093
0.17629797756671906
0.20555144548416138
0.17728614807128906
0.17646436393260956
0.17911283671855927
0.18228985369205475
0.1760995090007782
0.17594976723194122
0.18616831302642822
0.18012887239456177
0.1809249222278595
0.17197982966899872
0.17619624733924866
0.17772600054740906
0.17480237782001495
0.17094554007053375
0.17807063460350037
0.17806589603424072
0.17602157592773438
0.17397278547286987
0.18573619425296783
0.17683766782283783
0.17870579659938812
0.1759967803955078
0.17156949639320374
0.17994487285614014
0.17799727618694305
0.17492251098155975
0.18020296096801758
0.17472878098487854
0.17773497104644775
0.18924637138843536
0.17814107239246368
0.17980824410915375
0.1764274686574936
0.1766059845685959
0.1751820147037506
0.1763944923877716
0.17603477835655212
0.19027332961559296
0.1746637225151062
0.17359063029289246
0.17723137140274048
0.17421215772628784
0.17671836912631989
0.17825749516487122
0.1799437552690506
0.17638078331947327
0.17613179981708527
0.1753336489200592
0.1823118031024933
0.17704008519649506
0.1750461310148239
0.17448629438877106
0.17913974821567535
0.1778283566236496
0.17679435014724731
0.18044987320899963
0.1849120408296585
0.18252040445804596
0.18934619426727295
0.18405653536319733
0.1728833019733429
0.18838365375995636
0.1873985379934311
0.17037352919578552
0.1753956377506256
0.17579324543476105
0.17488978803157806
0.18227383494377136
0.17740313708782196
0.1721617877483368
0.1762920618057251
0.18239229917526245
0.18017679452896118
0.17812836170196533
0.17988716065883636
0.17886987328529358
0.19427722692489624
0.1788812279701233
0.18018296360969543
0.176869198679924
0.17513298988342285
0.1976509988307953
0.18003079295158386
0.17881900072097778
0.17705173790454865
0.18223874270915985
0.1734774261713028
0.17575405538082123
0.17506200075149536
0.17869332432746887
0.17735537886619568
0.17359699308872223
0.17910444736480713
0.17920508980751038
0.17574132978916168
0.1791672259569168
0.17811989784240723
0.17445841431617737
0.17806823551654816
0.18552811443805695
0.17642736434936523
0.18684445321559906
0.18078824877738953
0.17874084413051605
0.18050162494182587
0.17545953392982483
0.17869621515274048
0.18226392567157745
0.17291931807994843
0.17558181285858154
0.17650355398654938
0.18709184229373932
0.17169582843780518
0.1773662269115448
0.17918457090854645
0.18263661861419678
0.1791098713874817
0.1734900176525116
0.18336714804172516
0.17568480968475342
0.17864874005317688
0.18365032970905304
0.1817256063222885
0.17914731800556183
0.1848812848329544
0.17762422561645508
0.17095838487148285
0.17620183527469635
0.18402618169784546
0.17655937373638153
0.17707470059394836
0.17483167350292206
0.17493991553783417
0.17611560225486755
0.1770584136247635
0.20210064947605133
0.17495884001255035
0.17315073311328888
0.1736612468957901
0.17784470319747925
0.174957737326622
0.17660826444625854
0.1781180202960968
0.1776036024093628
0.17627722024917603
0.18155145645141602
0.17737595736980438
0.1766374409198761
0.18052175641059875
0.17209723591804504
0.17658375203609467
0.18039824068546295
0.1832512617111206
0.17551147937774658
0.1754608005285263
0.1816769242286682
0.1761009693145752
0.1786843091249466
0.18874484300613403
0.17629219591617584
0.17735683917999268
0.17676159739494324
0.1781974732875824
0.18548904359340668
0.17558211088180542
0.17733244597911835
0.1746167093515396
0.17374324798583984
0.17823520302772522
0.1790294349193573
0.1745164543390274
0.17644667625427246
0.1735684871673584
