0.9999991655349731
0.9939671754837036
0.9991798996925354
0.9999696016311646
0.9999266862869263
0.9908449053764343
0.9999971389770508
0.9999997615814209
0.9989582300186157
0.9998291730880737
0.9999998807907104
0.9999791383743286
1.0
0.9895370006561279
0.9759650826454163
0.999997615814209
0.9999442100524902
0.9910401701927185
0.9999991655349731
0.9999796152114868
0.9919702410697937
0.999992847442627
0.9999817609786987
0.9965314269065857
0.9991740584373474
0.9999992847442627
0.9994698166847229
0.9999089241027832
0.9891818165779114
1.0
0.9997637867927551
1.0
1.0
0.9999995231628418
0.9999784231185913
0.9998346567153931
0.999393105506897
0.9996351003646851
0.9999207258224487
0.9422394633293152
0.998252809047699
0.8963137269020081
0.999884843826294
0.9989320635795593
0.9998452663421631
0.9988736510276794
0.9999985694885254
0.9993163347244263
0.9999985694885254
0.9994321465492249
0.9999996423721313
0.9999867677688599
0.9999808073043823
0.9999998807907104
1.0
0.9999979734420776
1.0
0.9999316930770874
0.9999746084213257
0.999993085861206
0.9944455623626709
0.9999881982803345
1.0
0.9999998807907104
0.9999918937683105
0.9999946355819702
0.9992420673370361
0.9999994039535522
0.9997796416282654
0.9727474451065063
0.9992504715919495
0.9965937733650208
0.9993958473205566
0.9999986886978149
0.99956876039505
0.9968422651290894
0.9998698234558105
0.9854313135147095
0.9987512826919556
1.0
0.999848484992981
0.999985933303833
0.9999898672103882
0.9967793822288513
0.9974908828735352
0.9996148347854614
0.9905143976211548
0.9999992847442627
0.9987850785255432
0.9989868998527527
0.9999963045120239
0.9999691247940063
0.9988219141960144
0.9992852807044983
0.9999896287918091
0.9839016795158386
0.9999489784240723
0.9997768998146057
0.9993829727172852
0.9997990727424622
0.9998533725738525
0.9935181736946106
0.9996071457862854
0.9999942779541016
1.0
0.9999998807907104
0.9797474145889282
0.9999995231628418
0.9842820763587952
0.997526228427887
0.9997178912162781
0.9996976852416992
1.0
0.999699592590332
0.9999531507492065
0.9988752007484436
0.9999545812606812
0.9999830722808838
0.9989169836044312
0.9999879598617554
0.9999916553497314
0.9999567270278931
0.9994908571243286
0.9995735287666321
0.9999833106994629
0.999849796295166
0.9990202188491821
0.9999963045120239
0.9999094009399414
0.995591938495636
0.9973750114440918
0.9999998807907104
0.9937252402305603
0.9999542236328125
0.9998877048492432
0.9998453855514526
0.9999978542327881
0.9997164607048035
0.9995664954185486
0.9983989596366882
0.9997617602348328
0.9999715089797974
0.9999948740005493
0.9986166954040527
0.9999940395355225
0.9947212934494019
0.9999407529830933
0.9999991655349731
1.0
0.9990866184234619
0.9999967813491821
0.9999146461486816
0.995667576789856
0.999819815158844
0.9990925788879395
0.9998617172241211
0.9994687438011169
0.9947571754455566
0.9999922513961792
0.9996259212493896
0.9999978542327881
0.9999986886978149
0.9993287324905396
0.9985754489898682
0.9996460676193237
0.9953110814094543
0.990777850151062
0.9843500852584839
0.9998742341995239
0.9999681711196899
0.9940251708030701
0.9900239109992981
0.9998437166213989
0.9996232986450195
0.9996848106384277
0.9984056353569031
0.9825345873832703
0.9994339346885681
0.8819120526313782
0.9850829839706421
0.9999827146530151
0.9999924898147583
0.997982382774353
0.9999672174453735
0.9997333884239197
0.9973254203796387
0.9764043688774109
0.9877867102622986
0.9993470311164856
0.998798131942749
0.9998881816864014
0.9998925924301147
0.9951242804527283
0.9992708563804626
0.9987964630126953
0.9992313385009766
0.9999594688415527
0.9978500604629517
0.9995480179786682
0.9985892176628113
0.9795455932617188
0.9955684542655945
0.9989770650863647
0.9967347979545593
0.9990957975387573
0.998581051826477
0.9956668615341187
0.9993389248847961
0.9987008571624756
0.9969910383224487
0.9999568462371826
0.9997220635414124
0.996330201625824
0.9998354911804199
0.9999880790710449
0.9994964599609375
0.999994158744812
0.9997292160987854
0.9990317821502686
0.9991293549537659
0.9999855756759644
0.9999997615814209
0.999432384967804
0.9944801330566406
0.9996111989021301
0.998531699180603
0.999472439289093
0.9828041791915894
0.9999606609344482
0.9999996423721313
0.9999762773513794
0.9999899864196777
0.9999173879623413
0.9999995231628418
0.9996651411056519
0.9993984699249268
0.9999927282333374
0.9984186887741089
0.997051477432251
0.9999861717224121
0.9995397329330444
0.9997385144233704
0.9986019730567932
0.9987459182739258
0.999665379524231
1.0
0.9992947578430176
0.9994754195213318
1.0
0.9895423650741577
0.9998390674591064
0.9999957084655762
0.9986383318901062
0.99998939037323
0.9999802112579346
0.999852180480957
0.9999996423721313
0.9997174143791199
0.9999831914901733
0.999815046787262
0.988506555557251
0.9951037168502808
0.9981232285499573
0.9999905824661255
0.9999569654464722
0.9988486766815186
0.9979910850524902
0.9993140697479248
0.9998698234558105
0.9704100489616394
0.9952245950698853
1.0
0.9999978542327881
0.9998544454574585
0.9992807507514954
0.9999998807907104
0.9999998807907104
0.9989087581634521
0.9996465444564819
0.999996542930603
0.9999997615814209
0.9989803433418274
0.9998201727867126
0.9999984502792358
0.9991288781166077
0.9999847412109375
0.9998767375946045
0.9999898672103882
0.9944103360176086
0.9997746348381042
0.9997618794441223
0.941271960735321
0.9997368454933167
0.9996497631072998
0.9999889135360718
1.0
1.0
1.0
0.9999979734420776
1.0
0.9999896287918091
1.0
0.9972044825553894
0.9999960660934448
0.9995304346084595
0.9990400671958923
0.9997820258140564
0.9999717473983765
1.0
0.9999995231628418
0.999995231628418
1.0
0.9999963045120239
0.9999998807907104
0.9999788999557495
0.9999861717224121
0.9998806715011597
1.0
0.9999992847442627
1.0
1.0
0.9999706745147705
1.0
0.9999997615814209
0.9999974966049194
0.9999998807907104
0.999988317489624
0.9995112419128418
0.9998718500137329
1.0
1.0
0.9999884366989136
0.9997392296791077
0.9998170733451843
0.9998323917388916
0.9961464405059814
0.9999563694000244
1.0
0.9999620914459229
1.0
0.9998700618743896
0.9999611377716064
0.9998006224632263
0.9998657703399658
0.999946117401123
0.9999969005584717
0.9999980926513672
0.9989702701568604
0.99888676404953
0.9999995231628418
0.9989439845085144
0.999640941619873
0.9999860525131226
0.9997877478599548
1.0
0.9960715770721436
1.0
1.0
1.0
1.0
1.0
0.9991573095321655
0.9861164689064026
1.0
0.9998316764831543
0.9995158910751343
0.9999053478240967
1.0
0.9999033212661743
0.9991846680641174
0.9977854490280151
0.9999992847442627
1.0
0.9998570680618286
1.0
0.9986155033111572
1.0
1.0
1.0
1.0
0.9999998807907104
1.0
0.9998830556869507
1.0
0.9999988079071045
1.0
1.0
0.9999971389770508
0.9876502156257629
1.0
0.9999998807907104
1.0
0.9999998807907104
0.9999954700469971
0.999303936958313
0.999955415725708
0.9999988079071045
0.9996086955070496
1.0
0.9997275471687317
0.9994943141937256
0.9999980926513672
0.9992062449455261
0.9999985694885254
1.0
0.9999867677688599
1.0
0.9998238682746887
0.9999997615814209
0.999894380569458
0.9997209906578064
0.9999889135360718
0.9986692667007446
0.9931297898292542
0.9999971389770508
1.0
0.9994681477546692
1.0
0.9995654225349426
0.998071014881134
1.0
0.9999706745147705
0.99712735414505
0.9996607303619385
0.9931725859642029
0.9989997744560242
0.9999560117721558
0.9999862909317017
0.9994799494743347
1.0
0.999859094619751
0.9999743700027466
1.0
1.0
0.9998145699501038
0.9998231530189514
0.999954342842102
1.0
0.9999501705169678
1.0
1.0
0.9996966123580933
0.999884843826294
0.9999904632568359
0.9996289014816284
1.0
1.0
1.0
0.9999939203262329
0.9996309280395508
0.9998610019683838
0.9998708963394165
0.9989315867424011
0.9997077584266663
1.0
1.0
0.9999076128005981
1.0
1.0
0.9997925162315369
1.0
1.0
0.9995225667953491
1.0
0.9999388456344604
0.9989334940910339
0.999476969242096
0.9997004270553589
1.0
0.9998170733451843
0.9999372959136963
0.9999891519546509
0.9981719255447388
0.9999783039093018
1.0
0.9990828037261963
0.999614953994751
1.0
1.0
0.9999990463256836
0.9999690055847168
0.9999890327453613
0.9999996423721313
0.9997876286506653
0.9985619187355042
0.9999998807907104
0.999998927116394
1.0
1.0
0.9999998807907104
0.9999594688415527
0.9995142221450806
1.0
0.9999610185623169
0.999607503414154
0.9954462647438049
0.9989433884620667
0.9999998807907104
1.0
0.9999504089355469
1.0
0.9997935891151428
0.9993603825569153
1.0
1.0
0.9999409914016724
1.0
0.999009370803833
1.0
0.9937509894371033
0.9991846680641174
0.9999996423721313
0.9996672868728638
0.9999741315841675
0.9990074038505554
0.9971195459365845
0.9999982118606567
1.0
1.0
0.9999978542327881
1.0
0.9999986886978149
0.9999879598617554
0.9999946355819702
1.0
1.0
0.9999361038208008
0.9999974966049194
0.9999991655349731
1.0
0.99985671043396
0.9999997615814209
0.9996813535690308
0.9987671375274658
0.9999998807907104
1.0
0.9989782571792603
0.999089241027832
1.0
0.9999995231628418
0.9999346733093262
0.9999715089797974
1.0
1.0
0.9787418842315674
1.0
1.0
0.9999829530715942
0.9998753070831299
1.0
0.9997522234916687
0.999900221824646
0.9967028498649597
0.9981254935264587
0.99959796667099
0.9995585083961487
0.9999992847442627
0.9983745813369751
0.9992916584014893
0.9998196959495544
1.0
0.9999748468399048
0.999954342842102
1.0
0.9996992349624634
1.0
0.99991774559021
1.0
0.9999972581863403
0.9985248446464539
1.0
1.0
0.9999622106552124
0.9998372793197632
0.9996071457862854
1.0
1.0
0.9980360865592957
0.9999957084655762
0.9999995231628418
0.9978415966033936
0.9998830556869507
0.999995231628418
0.9998138546943665
1.0
0.9999988079071045
0.9999997615814209
1.0
0.9999996423721313
1.0
0.9999698400497437
0.9998880624771118
1.0
0.9999451637268066
0.9984697699546814
0.9999068975448608
1.0
1.0
0.9999971389770508
0.9999995231628418
0.9992164373397827
0.999115526676178
1.0
0.9999988079071045
0.9998388290405273
1.0
1.0
0.999244213104248
0.9999748468399048
1.0
0.9998428821563721
1.0
0.9974877834320068
0.9999206066131592
0.9998027682304382
0.9996029734611511
0.9999998807907104
0.999998927116394
0.9999986886978149
1.0
1.0
0.9997742772102356
1.0
0.9987735152244568
0.9832216501235962
0.9998853206634521
1.0
1.0
0.9999998807907104
0.9998993873596191
1.0
0.9997938275337219
0.9947172999382019
0.9999922513961792
0.9984315037727356
0.9999994039535522
1.0
1.0
0.9987189769744873
1.0
0.9999284744262695
0.999690055847168
0.9992184638977051
0.9999998807907104
0.9758599400520325
1.0
0.9999644756317139
0.9948177933692932
1.0
1.0
0.999975323677063
1.0
0.9999324083328247
1.0
0.9991135001182556
0.9999245405197144
0.9993999004364014
1.0
1.0
0.9999998807907104
0.9653332829475403
0.9999957084655762
1.0
1.0
0.9998362064361572
0.9999688863754272
0.9993168115615845
0.9931839108467102
1.0
0.999998927116394
1.0
0.9999818801879883
0.8853126168251038
0.999998927116394
0.9999954700469971
0.9965026378631592
0.9999358654022217
0.9998877048492432
0.9999990463256836
1.0
0.9996280670166016
1.0
0.9886218905448914
0.999349057674408
0.9993444085121155
0.9999301433563232
0.9999984502792358
1.0
0.9999921321868896
0.9966345429420471
0.9997120499610901
0.9998995065689087
0.9919219017028809
0.9985040426254272
0.9996252059936523
1.0
1.0
0.9997623562812805
1.0
0.9999997615814209
0.9998194575309753
0.9999709129333496
0.9996707439422607
1.0
0.9999996423721313
0.9999442100524902
0.9999570846557617
0.9999912977218628
0.9999876022338867
1.0
0.999887228012085
1.0
0.9999481439590454
0.9999997615814209
0.999998927116394
0.9999996423721313
1.0
1.0
1.0
0.9999804496765137
0.9997934699058533
1.0
0.9973688125610352
0.9999842643737793
1.0
0.9999994039535522
0.9999984502792358
0.9999501705169678
0.9986187219619751
0.9999986886978149
0.9999920129776001
0.999833345413208
1.0
0.9999994039535522
0.9997774958610535
0.9996175765991211
0.999997615814209
0.998399555683136
1.0
0.9999998807907104
0.9998140931129456
0.9987875819206238
0.9998776912689209
0.9999527931213379
0.999567449092865
0.9999617338180542
0.9879623055458069
0.9999940395355225
0.9969052672386169
1.0
0.9984762072563171
0.9982333183288574
0.9999992847442627
1.0
0.9999455213546753
0.9970307350158691
0.9993953704833984
0.9999414682388306
0.9999998807907104
0.9997358918190002
1.0
1.0
0.9996156692504883
0.999203622341156
0.9999996423721313
0.9999980926513672
0.9996510744094849
0.9998341798782349
1.0
0.9999749660491943
0.9998013377189636
1.0
0.9999988079071045
0.9999963045120239
0.9999759197235107
0.9998693466186523
1.0
0.9984481334686279
0.9876638054847717
0.9994074106216431
0.9999994039535522
1.0
0.9998534917831421
1.0
0.9986504912376404
0.9999996423721313
1.0
0.9999918937683105
0.9999961853027344
1.0
0.9999945163726807
1.0
1.0
0.9999998807907104
0.9991493225097656
0.9999998807907104
0.9996237754821777
0.9990414977073669
0.9995657801628113
0.9999589920043945
0.9982984662055969
0.9998194575309753
0.9999904632568359
0.9989239573478699
0.9999938011169434
1.0
0.9999966621398926
0.9999992847442627
0.9999699592590332
0.9999526739120483
1.0
0.9998972415924072
0.9997134804725647
0.9999988079071045
0.9991399049758911
1.0
0.9975838661193848
1.0
1.0
0.999997615814209
0.9999423027038574
0.9999154806137085
0.999966025352478
1.0
0.9997209906578064
0.9999791383743286
0.9979581832885742
1.0
1.0
1.0
1.0
0.999992847442627
0.9999977350234985
0.9980321526527405
1.0
0.9991853833198547
0.9999053478240967
0.9998656511306763
1.0
0.998435914516449
0.9999580383300781
1.0
1.0
0.999984860420227
0.9998579025268555
1.0
0.9998860359191895
0.9997040629386902
1.0
0.9918113946914673
0.9999817609786987
1.0
0.9999994039535522
0.9999910593032837
0.9999575614929199
0.9993494153022766
0.9999984502792358
1.0
0.9999998807907104
0.9994970560073853
0.9999899864196777
0.9999985694885254
0.9999468326568604
0.999976634979248
0.9986257553100586
0.9989656209945679
0.9979579448699951
0.9999563694000244
0.9999126195907593
1.0
0.9999926090240479
1.0
0.9997274279594421
0.9999299049377441
0.9999390840530396
1.0
1.0
1.0
0.9993828535079956
1.0
0.9999572038650513
1.0
0.9999693632125854
0.9999542236328125
0.9966397285461426
1.0
0.988913357257843
0.9995507597923279
1.0
1.0
1.0
1.0
1.0
0.9999557733535767
1.0
0.9973663687705994
1.0
1.0
0.9999972581863403
0.9998045563697815
0.9996432065963745
1.0
0.9998056292533875
0.9999998807907104
0.9999620914459229
0.9999834299087524
0.9972642660140991
1.0
0.9993492960929871
0.9987389445304871
0.999983549118042
1.0
0.9993752837181091
0.9999560117721558
0.9765915870666504
0.9999977350234985
0.9991071820259094
0.9903837442398071
0.9998284578323364
0.9997579455375671
0.9999632835388184
0.999188244342804
1.0
0.999987006187439
0.9816101789474487
1.0
1.0
0.9998875856399536
0.9995304346084595
0.9999852180480957
1.0
0.9999997615814209
0.9961836934089661
0.999502420425415
1.0
0.9999896287918091
1.0
0.9999481439590454
1.0
0.999998927116394
1.0
0.9999872446060181
0.9998801946640015
1.0
0.9998923540115356
0.9992154836654663
0.9999544620513916
1.0
1.0
0.9998831748962402
0.9999991655349731
0.9448621273040771
1.0
0.9998651742935181
1.0
1.0
0.9999994039535522
0.9970580339431763
0.9999984502792358
0.9999998807907104
0.9999240636825562
0.9995741248130798
0.9996082186698914
0.9983559250831604
1.0
0.9999998807907104
0.999976396560669
0.9999520778656006
0.9996587038040161
0.9988284707069397
1.0
0.9999984502792358
0.9985474944114685
0.9999778270721436
1.0
1.0
1.0
1.0
0.9989211559295654
1.0
0.9999986886978149
1.0
1.0
0.9997979998588562
0.9999978542327881
1.0
1.0
0.9983025789260864
0.999997615814209
0.9986275434494019
0.9965215921401978
0.9987847208976746
0.9999995231628418
0.9984418749809265
0.995550274848938
0.9995713829994202
0.9990725517272949
0.9999997615814209
0.9999910593032837
0.9999769926071167
0.9999799728393555
1.0
0.9994524121284485
1.0
1.0
0.9999969005584717
0.9999998807907104
0.9962450861930847
1.0
0.9978047013282776
0.9997895359992981
0.9998538494110107
1.0
0.9998663663864136
0.9999401569366455
1.0
0.9999945163726807
0.9999996423721313
0.9924984574317932
0.9999933242797852
0.9999881982803345
0.9999949932098389
0.9999452829360962
1.0
0.999943733215332
0.9998892545700073
0.9999985694885254
0.9988898634910583
1.0
0.9889710545539856
0.9997624754905701
0.9999442100524902
0.9996738433837891
0.9994389414787292
0.9999998807907104
0.9723351001739502
0.999825656414032
0.9999951124191284
0.9999992847442627
1.0
0.9999041557312012
1.0
0.999987006187439
1.0
1.0
1.0
0.9991575479507446
0.9991136193275452
0.9993634819984436
0.9999994039535522
0.999996542930603
0.9999849796295166
0.9999949932098389
0.9995477795600891
1.0
1.0
0.9998743534088135
1.0
0.9999991655349731
0.9996474981307983
0.9990506768226624
0.998561680316925
1.0
0.9992689490318298
0.9999113082885742
0.9998214840888977
0.9928932785987854
0.995388388633728
1.0
0.9994800686836243
0.9992032647132874
1.0
0.999945878982544
0.9999995231628418
1.0
1.0
1.0
1.0
0.9977827668190002
0.9957150816917419
0.9999954700469971
1.0
0.9997259974479675
1.0
1.0
1.0
1.0
0.9999003410339355
1.0
0.9642239809036255
1.0
0.9999990463256836
0.9999045133590698
0.9993413090705872
0.997896671295166
1.0
0.9918069243431091
0.9999934434890747
0.999504804611206
0.9997817873954773
0.9997779726982117
0.9992884397506714
0.998903751373291
0.9986559152603149
0.9999997615814209
0.9999774694442749
0.9999997615814209
0.9999569654464722
0.9947835803031921
0.9990261793136597
0.9997859597206116
0.9999774694442749
0.9999943971633911
1.0
0.9987789988517761
0.9964314699172974
0.9940202236175537
0.9999915361404419
0.9959198236465454
0.9999992847442627
0.9999463558197021
0.9997438788414001
0.9997119307518005
0.9999396800994873
0.9952635765075684
0.999962568283081
0.9995367527008057
0.999944806098938
0.9995772242546082
0.9991046786308289
1.0
0.999946117401123
0.9982618689537048
0.9997805953025818
1.0
0.999983549118042
0.9999997615814209
0.9999873638153076
1.0
0.9999984502792358
0.9999998807907104
0.9998542070388794
0.9995205402374268
0.9999868869781494
0.9999122619628906
0.9995880722999573
0.9999704360961914
1.0
0.9999990463256836
0.9977987408638
0.9997259974479675
1.0
0.998554527759552
0.9999361038208008
0.9999780654907227
0.9997394680976868
0.9977218508720398
0.9999947547912598
0.9997816681861877
0.9991217255592346
0.9999598264694214
0.9999902248382568
0.9997982382774353
0.9999983310699463
0.9999905824661255
0.999947190284729
0.9999606609344482
0.9998948574066162
0.99992835521698
0.9954397082328796
0.9987093210220337
0.999895453453064
0.9999992847442627
0.9996540546417236
0.9999735355377197
0.9999998807907104
0.9999822378158569
0.9988773465156555
0.9999970197677612
0.9988226294517517
0.9998553991317749
0.9969850182533264
0.9995976090431213
0.9999167919158936
0.9999986886978149
0.9999997615814209
0.9999798536300659
0.9994261264801025
1.0
0.9993638396263123
1.0
0.9990826845169067
0.9988884329795837
0.9954493641853333
0.9999704360961914
0.9999738931655884
0.9999998807907104
0.9999003410339355
0.9985523819923401
0.9963281750679016
0.9995488524436951
0.9999761581420898
0.9999403953552246
0.9999727010726929
0.9919164776802063
0.9967425465583801
0.9999969005584717
0.9999963045120239
0.9999998807907104
0.9851481914520264
0.9986485838890076
0.9998107552528381
0.9999649524688721
0.9987976551055908
0.9999980926513672
0.9996283054351807
1.0
0.9999723434448242
0.9998743534088135
0.9994854927062988
0.9910877346992493
0.9998639822006226
0.9761974215507507
0.9997792840003967
0.9999872446060181
0.9999254941940308
0.9999990463256836
0.9989256262779236
0.9999997615814209
0.9999052286148071
1.0
0.999983549118042
0.9999768733978271
1.0
0.9998929500579834
0.9999382495880127
0.9999877214431763
0.9997519850730896
0.9999550580978394
0.9999972581863403
0.9991998076438904
0.9999977350234985
0.9999924898147583
0.9998855590820312
0.9999666213989258
0.999997615814209
0.9999876022338867
0.9999769926071167
0.9999821186065674
0.9967420697212219
0.9998482465744019
0.9999915361404419
0.9940385818481445
1.0
0.9999229907989502
0.9997472167015076
0.9994277358055115
0.9999897480010986
0.9999059438705444
0.9999743700027466
0.9996570348739624
1.0
0.999988317489624
1.0
0.9999538660049438
0.9999935626983643
0.9994598031044006
0.9999486207962036
0.9999489784240723
0.9991301894187927
0.9999866485595703
0.9999773502349854
0.999995231628418
0.9999945163726807
0.9994163513183594
0.9999651908874512
0.9999994039535522
1.0
0.999935507774353
0.9999958276748657
0.9989117383956909
1.0
0.9999650716781616
0.9989930987358093
0.9989587068557739
0.9999984502792358
0.9977424144744873
0.9999991655349731
0.9999998807907104
0.9978750944137573
1.0
0.995675265789032
0.9943835735321045
0.9999325275421143
0.9999022483825684
0.9999974966049194
0.9897143244743347
0.9996821880340576
0.9996626377105713
0.9976730942726135
0.9979429841041565
0.9996850490570068
0.9999033212661743
0.9988901019096375
0.9999359846115112
0.9972519278526306
0.999734103679657
0.999756395816803
0.999997615814209
0.9981787204742432
0.9999743700027466
0.9999978542327881
0.9999995231628418
0.9999666213989258
0.9977276921272278
0.999993085861206
0.9986112117767334
0.9999955892562866
0.9999352693557739
0.9999986886978149
0.9973790645599365
0.9997177720069885
0.9810216426849365
0.9999749660491943
0.9997106194496155
0.9997066855430603
0.9837595224380493
0.9985939860343933
0.9996817111968994
0.9998743534088135
0.9994576573371887
0.9983038902282715
0.9997321963310242
0.9966999888420105
0.9999986886978149
0.9575366377830505
0.9999569654464722
0.999695897102356
0.9992080330848694
0.9979337453842163
0.9999375343322754
0.9996664524078369
0.9998730421066284
0.9998917579650879
0.9994121789932251
0.9999997615814209
0.9999887943267822
0.9998316764831543
0.9997960925102234
0.9999650716781616
0.999944806098938
0.9643669724464417
0.9993282556533813
0.9998811483383179
0.9984000325202942
0.9999454021453857
0.989225447177887
0.9853755235671997
0.9949164390563965
0.9998519420623779
0.9999991655349731
0.9996527433395386
0.9999632835388184
0.9999945163726807
0.9999922513961792
0.9627573490142822
0.9998922348022461
0.9999947547912598
0.9948872923851013
0.9999908208847046
0.9996198415756226
0.9999748468399048
0.9995408058166504
0.9999037981033325
0.9996452331542969
0.9998763799667358
0.9998672008514404
0.999866247177124
0.9998407363891602
0.9999285936355591
0.9999152421951294
0.9981095790863037
0.9999191761016846
0.9991169571876526
0.991775631904602
1.0
0.9999734163284302
0.9999785423278809
0.9994625449180603
0.9999954700469971
0.9998762607574463
0.9971063733100891
0.9999986886978149
0.9985215067863464
0.999692440032959
0.9989303946495056
0.9999943971633911
0.9999946355819702
0.9998149275779724
0.9989959597587585
0.9998144507408142
0.9999991655349731
0.9998107552528381
0.9993854761123657
0.997883141040802
0.9963468909263611
0.9993104934692383
0.9999899864196777
0.9999765157699585
0.9998925924301147
0.9999760389328003
0.9997430443763733
0.9997016787528992
0.9998447895050049
0.9999401569366455
0.9980910420417786
0.9998278617858887
0.9858295321464539
0.9982531666755676
0.9947806000709534
0.9977248311042786
0.9999979734420776
0.9986977577209473
0.9933834671974182
0.9994387030601501
0.9996727705001831
0.9994578957557678
1.0
0.9998730421066284
0.9999626874923706
0.9996272325515747
0.9999995231628418
0.9999432563781738
0.9999938011169434
0.9999408721923828
0.9998683929443359
0.9940546154975891
0.9960007071495056
0.9983466863632202
0.9993683695793152
0.9999388456344604
0.9999955892562866
0.9999953508377075
0.9841324090957642
0.999980092048645
0.9999969005584717
0.9994760155677795
0.9999974966049194
0.999996542930603
0.9999549388885498
0.999743640422821
0.9996812343597412
0.9989175796508789
0.9999988079071045
0.9996906518936157
0.99856036901474
0.9999330043792725
0.9954727292060852
0.999790370464325
0.9994415640830994
0.9997268319129944
0.999985933303833
0.9999986886978149
0.9693834185600281
0.9998594522476196
0.9998513460159302
0.9988850951194763
0.9988823533058167
0.9995120763778687
0.9997101426124573
0.9954783320426941
0.985325276851654
0.9983986020088196
0.9995825886726379
0.9999949932098389
0.9999908208847046
0.9990623593330383
0.9998987913131714
0.9997321963310242
0.9999107122421265
0.9999161958694458
0.9994516968727112
0.9999849796295166
0.9999562501907349
1.0
0.9999408721923828
0.9997602105140686
0.9996787309646606
0.9997512698173523
0.9999047517776489
0.9966601133346558
0.9999995231628418
0.9976809024810791
0.9999703168869019
0.9975814819335938
0.9999994039535522
0.9996218681335449
0.980213463306427
0.9987812638282776
0.9999439716339111
0.9999985694885254
0.9989542961120605
0.9999934434890747
0.9998096823692322
0.9999799728393555
0.9999597072601318
0.9999985694885254
0.9975438714027405
0.9999839067459106
0.9999687671661377
0.997087299823761
0.9999300241470337
0.9999815225601196
0.9998983144760132
0.9994144439697266
0.9998921155929565
0.999638557434082
0.9996819496154785
0.9991347193717957
0.9961116909980774
0.999977707862854
0.9999865293502808
0.9999802112579346
0.9997335076332092
0.9995232820510864
0.9960662722587585
0.9995085000991821
0.9996232986450195
0.9999359846115112
0.9991521835327148
0.9967542290687561
0.9988883137702942
0.9999978542327881
0.9999349117279053
0.9963977336883545
0.99993896484375
0.9804892539978027
0.9996732473373413
0.9999129772186279
0.9271745681762695
0.9998695850372314
0.9975168704986572
0.9997766613960266
0.9938549399375916
0.9697309136390686
0.9999945163726807
0.9990009665489197
0.9997765421867371
0.999854326248169
0.9999066591262817
0.9999433755874634
0.9997251629829407
0.988990306854248
0.9998834133148193
0.9998314380645752
0.998552143573761
0.9999994039535522
0.9999970197677612
0.9998297691345215
0.9998621940612793
0.9998254179954529
0.9999988079071045
0.9999821186065674
0.9979555606842041
0.9998666048049927
0.9984550476074219
0.9999346733093262
0.9999980926513672
0.9994038343429565
0.9997830986976624
0.9999171495437622
0.9999338388442993
0.9999743700027466
0.9999254941940308
0.9991724491119385
0.9996899366378784
0.9985036849975586
0.9995644688606262
0.9998345375061035
0.9911003708839417
0.9990009665489197
0.9968492388725281
1.0
0.997245192527771
0.9992169141769409
0.9990930557250977
0.9999464750289917
0.9999969005584717
0.9996482133865356
0.999001681804657
0.9999760389328003
0.9998825788497925
0.9999270439147949
0.9998015761375427
0.9906936287879944
0.9829419255256653
0.9986905455589294
0.9998890161514282
0.988831102848053
0.9999270439147949
0.9924345016479492
0.9998549222946167
0.9996271133422852
0.9999939203262329
0.9999974966049194
0.9999222755432129
0.999893307685852
0.9996544122695923
0.9998775720596313
0.9935459494590759
0.9999755620956421
1.0
0.9999973773956299
0.9999425411224365
0.9997270703315735
0.9999837875366211
0.9996472597122192
0.9994290471076965
0.9994902610778809
0.9999047517776489
0.9983592629432678
0.9997231364250183
0.9998186230659485
0.9999997615814209
0.9999204874038696
0.9999829530715942
0.996612012386322
0.9990068078041077
0.9998189806938171
0.9999299049377441
0.9992830157279968
0.9953996539115906
0.9999758005142212
0.9999428987503052
0.9996896982192993
0.9964297413825989
0.999992847442627
0.9961801767349243
0.9995861649513245
0.9993767142295837
0.9996803998947144
0.9999057054519653
0.9987926483154297
1.0
0.9998745918273926
0.9995038509368896
0.9995961785316467
0.98621666431427
0.9995865225791931
0.9999980926513672
0.9999524354934692
0.9999916553497314
0.9990566372871399
0.9999938011169434
1.0
0.9994624257087708
0.9997926354408264
0.9994196891784668
0.9998370409011841
0.9991216063499451
0.9910529255867004
0.999997615814209
0.9994992017745972
0.9992833733558655
0.9997149109840393
0.9991030693054199
0.9956905245780945
0.9996916055679321
0.9999638795852661
0.9978360533714294
0.9999988079071045
0.9999924898147583
0.994686484336853
0.9999392032623291
0.9997300505638123
0.9999902248382568
0.999663233757019
0.9998822212219238
0.9982454776763916
0.9977121353149414
0.9843831658363342
0.9997683167457581
1.0
0.9979506134986877
0.9999737739562988
0.999997615814209
0.9999620914459229
0.9999921321868896
0.999747097492218
0.9998194575309753
0.9997667670249939
0.9974602460861206
0.9996185302734375
0.9974879026412964
0.9999383687973022
0.9961634874343872
0.9996829032897949
0.9999537467956543
0.9999973773956299
0.9999680519104004
0.9999934434890747
0.999742329120636
0.9995799660682678
0.991585373878479
0.9999984502792358
0.999987006187439
0.996549129486084
0.9883203506469727
0.9999635219573975
0.9999241828918457
0.9999994039535522
0.9999923706054688
1.0
0.9995598196983337
0.9972661733627319
0.9996809959411621
0.9999781847000122
0.9998773336410522
0.9995753169059753
0.9998613595962524
0.9999672174453735
0.9989251494407654
0.9996352195739746
0.9999949932098389
0.9999699592590332
0.9994218349456787
0.999345600605011
0.9999985694885254
0.9999841451644897
0.999321460723877
0.99978107213974
0.999977707862854
0.9995090961456299
0.9999996423721313
0.9999943971633911
0.9999990463256836
0.9999594688415527
0.9976578950881958
0.999980092048645
0.9999948740005493
0.999921441078186
0.9993826150894165
0.9999997615814209
0.9995168447494507
0.9996753931045532
0.9859018325805664
0.9997425675392151
0.9997990727424622
0.9998773336410522
0.9999997615814209
0.999935507774353
0.9999668598175049
0.9995051622390747
0.9995224475860596
0.9999033212661743
0.999937891960144
0.9985484480857849
0.9752223491668701
0.9989421963691711
0.9999598264694214
0.9993791580200195
0.9965921640396118
0.9981826543807983
0.9893855452537537
0.9995940327644348
0.9999512434005737
0.9999158382415771
0.9999732971191406
0.9999904632568359
0.9997132420539856
0.9999996423721313
0.9912987351417542
0.9999995231628418
0.9999992847442627
0.9995456337928772
0.9977864027023315
0.9989659786224365
0.9989187717437744
0.9989528656005859
0.9999982118606567
0.9999994039535522
0.9999911785125732
0.9997953772544861
0.9999803304672241
0.9996175765991211
0.9999845027923584
0.9928786158561707
0.9990137815475464
0.9999927282333374
0.9998268485069275
1.0
0.9999994039535522
0.9999605417251587
0.9988021850585938
0.9999991655349731
0.9999997615814209
0.9992522597312927
0.9999986886978149
0.9976894855499268
0.9997590184211731
0.9976035952568054
0.9999932050704956
0.9997312426567078
0.9999769926071167
0.9979807734489441
0.9999686479568481
0.9999656677246094
0.9932587146759033
0.9999949932098389
0.9992244243621826
0.918168306350708
0.9999973773956299
0.9999397993087769
0.9777315258979797
0.9990794658660889
0.9961362481117249
0.9996706247329712
0.9999063014984131
0.9999986886978149
0.999860405921936
0.9985608458518982
0.9997965693473816
0.9999504089355469
0.9997220635414124
0.9999707937240601
0.9999117851257324
0.9993780851364136
0.9999618530273438
0.9999970197677612
0.9999998807907104
0.9971484541893005
0.9797325134277344
0.998779833316803
0.9999899864196777
0.997259259223938
0.9999915361404419
0.9999301433563232
0.9999345541000366
0.9999938011169434
0.9978529214859009
0.9998434782028198
0.9999967813491821
0.9998063445091248
1.0
0.9984083771705627
0.9995243549346924
0.9999991655349731
0.9993201494216919
0.9999507665634155
0.9870001673698425
0.9997654557228088
0.9999990463256836
0.9979935884475708
0.9989649057388306
0.999526858329773
0.9998000264167786
0.9999960660934448
0.9950796365737915
0.9999877214431763
0.9999411106109619
0.9752408266067505
0.9999630451202393
0.997718334197998
0.999921441078186
0.9999649524688721
0.9997703433036804
0.9995574355125427
0.9997876286506653
0.9999219179153442
0.9967164397239685
0.9999597072601318
0.9999586343765259
0.9982518553733826
0.9993041753768921
0.9999879598617554
0.9996997117996216
0.9999138116836548
0.9999918937683105
0.9995953440666199
0.9999948740005493
0.9999995231628418
0.9998877048492432
0.9997313618659973
0.9999961853027344
0.9998760223388672
0.9999994039535522
0.9999958276748657
0.9947323799133301
0.9999178647994995
0.999810516834259
0.9973147511482239
0.999886155128479
0.9965450167655945
0.999875545501709
0.9994392991065979
0.9999279975891113
0.9958451390266418
0.9999827146530151
0.9999681711196899
0.9999110698699951
0.9988148212432861
0.9998317956924438
0.9961515069007874
0.9951916933059692
0.9996421337127686
0.9998167157173157
0.9999943971633911
0.9952685236930847
0.9998446702957153
0.9999786615371704
0.9997013211250305
0.9995052814483643
0.9977920055389404
0.9942111372947693
0.9971579313278198
0.9998829364776611
0.99993896484375
0.9999583959579468
0.9998039603233337
0.9984456896781921
0.9999994039535522
0.9999339580535889
0.9996604919433594
0.9993032217025757
0.9978325963020325
0.9999970197677612
0.9993463158607483
0.999994158744812
1.0
0.9999289512634277
0.998475968837738
0.9993534684181213
0.9995693564414978
0.9993587136268616
0.99868243932724
0.9998912811279297
0.9998561143875122
0.999998927116394
0.9998618364334106
0.9998911619186401
0.9999972581863403
0.9981415271759033
0.9825374484062195
0.9999978542327881
0.9985131621360779
0.9999809265136719
0.9979616403579712
0.9710874557495117
0.9966850876808167
0.9999912977218628
0.9989408850669861
0.9998966455459595
0.9999887943267822
0.9997782111167908
0.9999712705612183
0.999821126461029
0.9995589852333069
0.9999496936798096
0.9998224377632141
0.9998965263366699
0.9999284744262695
0.9997667670249939
0.9998041987419128
0.9999943971633911
1.0
0.9995504021644592
0.9999755620956421
0.999992847442627
0.9999977350234985
0.9999997615814209
0.9989629983901978
0.999510645866394
0.9999967813491821
0.9999427795410156
0.9997029900550842
0.9999406337738037
0.9999839067459106
0.9999548196792603
0.9999585151672363
0.9999221563339233
0.9999606609344482
0.9958926439285278
0.9999662637710571
0.9990206956863403
0.9996389150619507
0.9999879598617554
0.9996795654296875
0.9999755620956421
0.9999655485153198
0.9970740079879761
0.9999611377716064
0.966738224029541
0.998379111289978
0.9999724626541138
0.9990835189819336
0.9994171857833862
0.9999780654907227
0.9998291730880737
0.9999204874038696
0.9951472878456116
0.9977812170982361
0.9999991655349731
0.9999892711639404
0.9994120597839355
0.99860018491745
0.999670147895813
0.9999488592147827
0.9996534585952759
0.9999123811721802
0.9999994039535522
0.9999698400497437
0.9999874830245972
0.9999929666519165
0.9999934434890747
0.9982380867004395
0.9992973804473877
0.9996850490570068
0.9984515905380249
0.9996747970581055
0.9999591112136841
0.9999587535858154
0.9993510842323303
0.9993077516555786
0.9999107122421265
0.9999992847442627
0.9975927472114563
0.9999996423721313
0.9999481439590454
0.9993995428085327
0.9999991655349731
0.9951019287109375
0.9999818801879883
0.9998393058776855
0.9996446371078491
0.9995104074478149
0.9996582269668579
0.8975498080253601
0.9919987320899963
0.9996981620788574
0.9993531107902527
0.9905009269714355
0.9999333620071411
0.999832272529602
0.99998939037323
0.9999934434890747
0.9999754428863525
0.9985951781272888
0.9999477863311768
0.9998244643211365
0.996931791305542
0.9999959468841553
0.9999957084655762
0.9999388456344604
0.99985671043396
0.9883763194084167
0.999634861946106
0.9979041814804077
0.9999263286590576
0.9997844099998474
0.9999932050704956
0.9999897480010986
0.999929666519165
0.9996438026428223
0.9932308197021484
0.9988725781440735
0.9999983310699463
0.9999895095825195
0.9998074173927307
0.9995212554931641
0.999822199344635
0.9978228807449341
0.9877654314041138
0.9994149208068848
0.9976727366447449
0.9988683462142944
0.999990701675415
0.9997299313545227
0.999618649482727
0.9980555772781372
0.9997027516365051
0.999998927116394
0.999896764755249
0.9997146725654602
0.9874202609062195
0.9990575909614563
0.9996942281723022
0.9992151260375977
0.9997873902320862
0.9931260347366333
0.9999549388885498
0.9999372959136963
0.9946845173835754
0.9999871253967285
0.9999901056289673
0.999640703201294
0.9999866485595703
0.9999783039093018
0.9935007691383362
0.9999082088470459
0.990126371383667
0.9989691972732544
0.9643423557281494
0.9999958276748657
0.9932999610900879
0.9997195601463318
0.9999877214431763
0.9999992847442627
0.9999781847000122
0.9987240433692932
0.9987331032752991
0.9999986886978149
0.9999434947967529
0.9936102032661438
0.9996241331100464
0.9940385818481445
0.999834418296814
0.9983271956443787
0.9994818568229675
0.999922513961792
0.999184787273407
0.9998773336410522
0.9969419836997986
0.9999852180480957
0.999983549118042
0.9978293776512146
0.9999569654464722
0.9973888993263245
0.9999916553497314
0.9989842772483826
0.9999998807907104
0.9989641904830933
0.9994906187057495
0.9986769556999207
0.9969627261161804
0.6876715421676636
0.999688982963562
0.9996644258499146
0.9999897480010986
0.9997683167457581
0.9995154142379761
0.9981012940406799
0.9999955892562866
0.9992200136184692
0.9851362109184265
0.9958767890930176
0.9859220385551453
0.9999581575393677
0.9995734095573425
0.9997640252113342
0.9996873140335083
0.9995259046554565
0.9999985694885254
0.99998939037323
0.9999885559082031
0.9956918358802795
0.99996018409729
0.9995012283325195
0.9999902248382568
0.9988738894462585
0.99991774559021
0.9998308420181274
0.9974109530448914
0.9999247789382935
0.9999704360961914
0.999974250793457
0.9993276596069336
0.9999059438705444
0.9979324340820312
0.9999009370803833
0.9999713897705078
0.9950405955314636
0.9995744824409485
0.9184734225273132
0.9998396635055542
0.997366726398468
0.999906063079834
0.9999994039535522
0.9998000264167786
0.9905097484588623
0.9970115423202515
0.9952924251556396
0.9999102354049683
0.9939272403717041
0.9996095299720764
0.9998045563697815
0.9999998807907104
1.0
0.9996621608734131
0.999138355255127
0.9999881982803345
0.9999535083770752
0.9999738931655884
0.9796665906906128
0.999823272228241
0.9999691247940063
0.9999996423721313
0.9999676942825317
0.9999997615814209
0.9953670501708984
0.9999957084655762
0.9999313354492188
0.9945544004440308
0.9997110962867737
0.9999775886535645
0.9991979002952576
0.9999210834503174
0.99013352394104
0.9971463084220886
0.9998925924301147
0.9998656511306763
0.9974700212478638
1.0
0.999187171459198
0.9999936819076538
0.9999998807907104
0.9998738765716553
0.999993085861206
0.9996572732925415
0.998586893081665
0.9975003600120544
0.9977426528930664
0.9546389579772949
0.9999940395355225
0.9988945126533508
0.9954221844673157
0.9999252557754517
0.999991774559021
0.9992788434028625
0.9995988011360168
0.9999998807907104
0.9949367046356201
0.9999817609786987
0.9997920393943787
0.9997532963752747
0.9999926090240479
0.9998430013656616
0.9999710321426392
0.9997531771659851
0.9999932050704956
0.9993042945861816
0.9998787641525269
0.9922544956207275
0.9996883869171143
0.9999686479568481
0.9999979734420776
0.9999841451644897
0.9999371767044067
0.9982331991195679
0.9995477795600891
0.99997878074646
0.9998598098754883
0.9998871088027954
0.9996700286865234
0.9999432563781738
0.9952056407928467
0.9999566078186035
0.9995008707046509
0.999943733215332
0.9999896287918091
0.9916580319404602
0.9999860525131226
0.9998763799667358
0.9999873638153076
0.9999998807907104
0.9999691247940063
0.9998438358306885
0.9999657869338989
0.9999146461486816
0.9996258020401001
0.9995619654655457
0.9999107122421265
0.9981839060783386
0.9999985694885254
0.9941271543502808
0.9997010827064514
0.9968840479850769
0.9999877214431763
0.9999178647994995
0.9998681545257568
0.9999269247055054
0.9996582269668579
0.9964101910591125
0.999701201915741
0.9965819716453552
0.9995784163475037
0.9999053478240967
0.9993959665298462
0.9997231364250183
0.9999988079071045
0.9998989105224609
0.9945281147956848
0.9999176263809204
0.9990695118904114
0.9990720748901367
0.9998592138290405
0.9987768530845642
0.9999803304672241
0.9998247027397156
0.9999958276748657
0.9983810186386108
0.9999523162841797
0.9999997615814209
0.9998250603675842
0.9984466433525085
0.9983546137809753
0.9998012185096741
0.9999889135360718
0.9999736547470093
0.9996398687362671
0.9894888997077942
0.9991368651390076
0.9998440742492676
0.9992431402206421
0.9999583959579468
0.9991198182106018
0.999943733215332
0.9995418787002563
0.9999990463256836
0.9979502558708191
0.9967124462127686
0.9999886751174927
0.9995593428611755
0.9999935626983643
0.9997532963752747
0.999879002571106
0.9999680519104004
0.9999819993972778
0.9999258518218994
0.9988259673118591
0.9990712404251099
0.9999774694442749
0.9999972581863403
0.9999657869338989
0.9986799359321594
0.9911916851997375
0.9994834661483765
0.9993784427642822
0.9961749315261841
0.9999978542327881
0.9994576573371887
0.9997590184211731
0.9985290765762329
0.9986608028411865
0.9981316924095154
0.9994547963142395
0.99998939037323
0.9996929168701172
0.9986315369606018
0.9999580383300781
0.9999613761901855
0.9999765157699585
0.8086878657341003
0.9999126195907593
0.9997901320457458
0.9998573064804077
0.9996508359909058
0.9999743700027466
0.9999997615814209
0.9999908208847046
0.9999845027923584
0.9999896287918091
0.9997397065162659
0.9958962202072144
0.9997817873954773
0.9999970197677612
0.9972245693206787
0.9999955892562866
0.9997730851173401
0.9999102354049683
0.9999421834945679
0.9999139308929443
0.999790608882904
0.9999037981033325
0.9999825954437256
0.9999794960021973
0.9998888969421387
0.9999604225158691
0.9999579191207886
0.9999934434890747
0.9975059628486633
0.998344898223877
0.9999970197677612
0.9998482465744019
0.9996758699417114
0.9999923706054688
0.9999960660934448
0.9955406785011292
0.9999151229858398
0.9999985694885254
0.9996356964111328
0.9973450303077698
0.9970959424972534
0.9999427795410156
0.9999823570251465
0.9998762607574463
0.999984860420227
0.9886172413825989
0.9997146725654602
0.9927188158035278
0.9905350804328918
0.9999996423721313
0.9999994039535522
0.9999772310256958
0.9999957084655762
0.9977428913116455
0.9998642206192017
0.9999134540557861
0.9995585083961487
0.9935838580131531
0.9999542236328125
0.9999269247055054
0.9999804496765137
0.9992091059684753
0.9999423027038574
0.9997088313102722
0.9998088479042053
0.9996528625488281
0.999998927116394
0.9999774694442749
0.9999568462371826
0.9998401403427124
0.9996936321258545
0.9999964237213135
0.9824178814888
0.9999924898147583
0.9999982118606567
0.9994608759880066
0.9998177886009216
0.9997268319129944
0.9999997615814209
0.9999890327453613
0.999017596244812
0.9999020099639893
0.9989215135574341
0.9999994039535522
0.9999641180038452
0.9791087508201599
0.9999723434448242
0.9998940229415894
0.9954696893692017
0.995549201965332
0.9994871616363525
0.9990234375
0.9997281432151794
0.9999887943267822
0.9998260140419006
0.9616970419883728
0.9999815225601196
0.998291552066803
0.9999793767929077
0.9824112057685852
0.9978717565536499
0.9999270439147949
0.9994244575500488
0.9989374279975891
0.9999637603759766
0.9998700618743896
0.9998306035995483
0.9999914169311523
0.9996508359909058
0.998173713684082
0.9999966621398926
0.9996181726455688
0.9998801946640015
0.9999892711639404
0.9962886571884155
0.9999105930328369
0.9998676776885986
0.9997784495353699
0.9993019104003906
0.9997159838676453
0.9998791217803955
0.9997829794883728
0.999930739402771
0.9999940395355225
0.9996392726898193
0.9999246597290039
0.9992871880531311
0.9999226331710815
0.9999997615814209
0.9999969005584717
0.9998098015785217
0.9997730851173401
0.9990406632423401
0.9998447895050049
0.9999997615814209
0.9993976354598999
0.9999483823776245
0.9981364011764526
0.9915743470191956
0.9989508390426636
0.9998558759689331
0.9998984336853027
0.9995419979095459
0.9997320771217346
