0.5146226286888123
1.0
0.5736268162727356
0.8085103631019592
0.997857391834259
0.9999996423721313
0.967399001121521
0.9998345375061035
0.9572466611862183
0.9344926476478577
0.808108389377594
0.9944407343864441
0.979690670967102
0.5183091163635254
0.9999099969863892
0.99998939037323
0.6517797708511353
0.973414421081543
0.9943496584892273
0.9814321994781494
0.46885502338409424
0.7551763653755188
0.9857351183891296
0.9999674558639526
0.9959744811058044
0.9999991655349731
0.5397105813026428
0.972764253616333
0.995998740196228
0.9939695596694946
0.9991868138313293
0.9985589385032654
0.9998345375061035
0.9926401376724243
0.9999831914901733
0.9959093332290649
0.8361801505088806
0.9999440908432007
0.9153861403465271
0.8401996493339539
0.9958199262619019
0.999089241027832
0.9401708841323853
0.9925094842910767
0.9933785200119019
0.999713122844696
0.7185270190238953
0.9768320918083191
0.999466598033905
0.7182851433753967
0.9749996066093445
0.37491318583488464
0.9260557889938354
0.9100260138511658
0.9942225813865662
1.0
0.9733498096466064
0.9999626874923706
0.9959975481033325
0.9986937642097473
0.5058559775352478
0.9958546757698059
0.7101336121559143
0.9280868768692017
0.822881281375885
0.9979299306869507
0.9853361248970032
0.6291638016700745
0.9982056617736816
0.9900179505348206
0.9815369248390198
0.9999674558639526
0.9909448623657227
0.722205638885498
0.5440288782119751
0.6846373677253723
0.6370349526405334
0.9945313334465027
1.0
0.9999998807907104
0.5564913153648376
0.9995332956314087
0.6937816739082336
0.9146922826766968
0.9992052912712097
0.7981936931610107
0.996333122253418
0.9999957084655762
0.48744285106658936
0.5888266563415527
0.9725885987281799
0.51016765832901
0.7839584350585938
0.9950917959213257
1.0
0.999935507774353
0.9345377683639526
0.9941100478172302
0.9819415807723999
0.8125346899032593
0.9183715581893921
0.9691527485847473
0.8206756114959717
0.9999986886978149
0.8369946479797363
0.996722400188446
0.9999954700469971
0.663756251335144
0.9977110624313354
0.6792336106300354
0.9996069073677063
0.5596231818199158
0.999722421169281
0.8237016201019287
0.9968145489692688
0.9364789724349976
0.9913941025733948
0.9999973773956299
0.6753507256507874
0.8816200494766235
0.9998856782913208
0.5048962235450745
0.987955629825592
0.8946266174316406
0.9962201714515686
0.996488094329834
0.6357531547546387
0.9805357456207275
0.9997965693473816
0.9966352581977844
0.5775583982467651
0.958572506904602
0.8938930630683899
0.9993822574615479
0.9214467406272888
0.9999107122421265
0.9999955892562866
0.9035065174102783
0.909229040145874
0.9780568480491638
0.9991145730018616
0.9997838139533997
0.9892666339874268
0.772097110748291
0.8603417873382568
0.9999740123748779
0.9999778270721436
0.8699198961257935
0.9818187355995178
0.9996837377548218
0.9999977350234985
0.9990567564964294
0.9548490047454834
0.6932023167610168
0.9657638072967529
0.9483100175857544
0.8273060917854309
0.9965642094612122
0.9781919121742249
0.6430813074111938
0.9236308336257935
0.9981929659843445
0.960807204246521
0.9999101161956787
0.9358738660812378
0.6220560669898987
1.0
0.9526262879371643
0.8372707366943359
0.5474915504455566
0.6128596067428589
0.8982168436050415
0.5152411460876465
0.9999841451644897
0.999985933303833
0.9487560987472534
0.6497752070426941
0.9684237837791443
0.9364134669303894
0.9803110361099243
0.9636853337287903
0.9735890626907349
0.7452380657196045
0.8629664778709412
0.999950647354126
0.5394324660301208
0.9987408518791199
0.6092398762702942
0.7871935367584229
0.47626793384552
0.6861321926116943
0.5020886659622192
0.7383604645729065
0.6664374470710754
0.9073338508605957
0.8435933589935303
0.7486975789070129
0.9999017715454102
0.9998900890350342
0.6877005100250244
0.9158378839492798
0.9928299784660339
0.9932004809379578
0.9887980818748474
0.778383731842041
0.7951242923736572
0.5328719019889832
0.9447618722915649
0.9973694086074829
0.7685994505882263
0.9089396595954895
0.9999910593032837
0.7481880187988281
0.6062247157096863
0.9622970223426819
0.5818602442741394
0.7214007377624512
0.9910424947738647
0.9985032081604004
0.6963159441947937
0.9989709854125977
0.9871197938919067
0.9999982118606567
0.5952262282371521
0.8629338145256042
0.9632348418235779
0.9990172386169434
0.9632839560508728
0.9707456231117249
0.53910231590271
0.9495044946670532
0.9999059438705444
0.9930023550987244
0.6803134083747864
0.8097847700119019
0.999985933303833
0.9857463836669922
0.8928168416023254
0.9967929720878601
0.9976310729980469
0.9999982118606567
0.9926387071609497
0.9999889135360718
0.9310107827186584
0.9998729228973389
0.9857909679412842
0.9633833765983582
0.9994795918464661
0.950272262096405
0.9999544620513916
0.4222111999988556
0.8183636665344238
0.9964312314987183
0.7631354928016663
0.980546772480011
0.6019845008850098
0.7769383192062378
0.9995573163032532
0.9998515844345093
0.984599232673645
0.9999600648880005
0.7042662501335144
0.9971956014633179
0.9745450615882874
0.7870088219642639
0.9763327240943909
0.9999327659606934
0.9979045391082764
0.9291316270828247
0.9660395383834839
0.8825835585594177
0.7934133410453796
0.9732242226600647
0.9998283386230469
0.9789846539497375
0.6391596794128418
0.9897874593734741
0.6511831879615784
0.9824074506759644
0.9992045760154724
0.8720542192459106
0.5262278914451599
0.5089794993400574
0.8632214069366455
0.9993682503700256
0.9510630369186401
0.9254989624023438
0.8597718477249146
0.997798502445221
0.9998185038566589
0.9960458874702454
0.9472309350967407
0.6445987820625305
0.9999983310699463
0.7333487868309021
0.9970842003822327
0.9999943971633911
0.8736239671707153
0.9861111640930176
0.9987383484840393
1.0
0.9811660647392273
0.9297551512718201
0.992436945438385
0.9999781847000122
0.9702076315879822
0.9837263226509094
0.8457201719284058
0.6802073121070862
0.9983429908752441
0.65799480676651
0.9999994039535522
0.9994520545005798
0.9999092817306519
0.5760634541511536
0.9967029690742493
0.778401255607605
0.981364905834198
0.9997690320014954
0.9971000552177429
0.7028900980949402
0.5122027397155762
0.9876081347465515
0.8863791227340698
0.9282087087631226
0.9787237644195557
0.838290274143219
0.50179123878479
0.6937885880470276
0.6720595955848694
0.9970415234565735
0.6468111872673035
0.9992594122886658
0.8236093521118164
1.0
0.9999924898147583
0.9563165307044983
0.9886173605918884
0.997126042842865
0.9047722816467285
0.9732282161712646
0.775780439376831
0.7035471796989441
0.999455988407135
0.795104444026947
1.0
0.9999992847442627
0.9969182014465332
0.8478662371635437
0.9829164147377014
0.9931802749633789
0.9346367716789246
0.4968111217021942
0.998505711555481
0.7582479119300842
1.0
0.9987906813621521
0.9930045008659363
0.9454139471054077
1.0
0.9765685796737671
0.9986947178840637
0.9996688365936279
0.7581430673599243
0.6030555963516235
0.736494243144989
0.917977511882782
0.9911063313484192
0.5069397687911987
0.5595479607582092
0.7452183961868286
0.8674774765968323
0.9929972290992737
0.7068071365356445
0.6447744369506836
0.9945829510688782
0.9986623525619507
0.9997053742408752
0.9938132762908936
0.9999991655349731
0.46423831582069397
0.9807327389717102
0.9999682903289795
0.9999860525131226
0.9643178582191467
0.9997450709342957
0.5323969125747681
0.9407517313957214
0.9992836117744446
0.9999986886978149
0.9993601441383362
0.7400393486022949
0.8027098774909973
0.36665841937065125
0.8857386112213135
0.9999998807907104
0.6714376211166382
0.999480664730072
0.9999986886978149
0.9647470712661743
0.9965159893035889
0.7986342310905457
0.9999665021896362
0.9845149517059326
0.9018124341964722
0.9999786615371704
0.5162900686264038
0.582970917224884
0.9999666213989258
0.9999984502792358
0.8284201622009277
0.9988951086997986
0.8461909294128418
0.9870074391365051
0.6249547004699707
0.9974147081375122
0.923995852470398
0.9998351335525513
0.9134932160377502
0.8568428754806519
0.9680339097976685
0.8816139698028564
0.9723026156425476
0.7761713862419128
0.9930245876312256
0.9720682501792908
0.8596811890602112
0.8395971059799194
0.9757173657417297
0.9999871253967285
0.9917169213294983
0.976159930229187
0.9740623235702515
0.9965014457702637
0.9175876379013062
0.9999284744262695
0.8626623153686523
0.8848004341125488
0.9977126121520996
0.9999533891677856
0.8781664967536926
0.9999876022338867
0.8992992639541626
0.8497515320777893
0.9630277156829834
0.880714476108551
0.8798611164093018
0.9920605421066284
0.8062973618507385
0.9999899864196777
0.992813766002655
0.996164083480835
0.9994670748710632
0.872208297252655
0.8223515748977661
0.8849819898605347
0.9946492314338684
0.8915106654167175
0.42327773571014404
0.9859547019004822
0.9994109869003296
0.9939343333244324
0.9999241828918457
0.9713388681411743
0.5025907754898071
0.4730641841888428
0.9379196763038635
0.9335808753967285
0.6491678357124329
0.9750379323959351
0.9998668432235718
0.9999998807907104
0.9257039427757263
0.9040076732635498
0.8930987119674683
0.6151913404464722
0.9629375338554382
0.5812894105911255
0.9043500423431396
0.9413098692893982
0.5676161646842957
0.3677559196949005
0.5943335294723511
0.3820916712284088
0.999464213848114
0.9999997615814209
0.9815966486930847
0.5092582702636719
0.9879140257835388
0.9295908212661743
0.9786455631256104
0.8717001080513
0.9801982045173645
0.9922227263450623
0.8802931904792786
0.9999759197235107
0.9357388615608215
0.7911417484283447
0.5629896521568298
0.9810463190078735
0.591751217842102
0.709922194480896
0.8357458114624023
1.0
0.9630667567253113
0.9783880114555359
0.939157247543335
0.9047011733055115
0.9712778329849243
0.5843687057495117
0.9984742999076843
0.994333028793335
0.9999034404754639
0.9999843835830688
0.8851536512374878
0.9772891402244568
0.5684163570404053
0.9999873638153076
0.7556790113449097
0.8887766003608704
0.9353430271148682
0.5644366145133972
0.9999903440475464
0.9627217054367065
0.9852409958839417
0.998427152633667
0.9999593496322632
0.8336004614830017
0.9260676503181458
0.7405373454093933
0.9999994039535522
0.9958341121673584
0.9441542029380798
0.6651267409324646
0.8801884651184082
0.9088278412818909
0.9999454021453857
0.9999402761459351
0.5388250350952148
0.9278228878974915
0.9612479209899902
0.9802568554878235
0.9126699566841125
0.9999998807907104
0.5933345556259155
0.9832035303115845
1.0
0.9999052286148071
0.5699470043182373
0.9962639212608337
0.9999992847442627
0.6618436574935913
0.9979022741317749
0.9975676536560059
0.7881877422332764
0.9848092198371887
0.962743878364563
0.7801644206047058
0.598953902721405
0.8441153168678284
0.9906091690063477
0.9240747094154358
0.9940125346183777
0.785197377204895
0.8895395398139954
0.5792909264564514
1.0
0.679365873336792
0.9988466501235962
0.990014910697937
0.6471577882766724
0.9882053136825562
0.9944908618927002
0.9999042749404907
0.9996812343597412
0.9671451449394226
0.5680805444717407
0.7764300107955933
0.989701509475708
0.7604008316993713
0.5195145606994629
0.9985425472259521
0.7520861029624939
0.635520339012146
0.991184651851654
0.8469529151916504
0.9240928292274475
0.9951334595680237
0.9999732971191406
0.9473376870155334
0.5761083960533142
0.5104681849479675
0.9999986886978149
0.5588168501853943
0.5368369817733765
0.9976330995559692
0.9087204337120056
0.9941157102584839
1.0
0.9990715980529785
0.8566094636917114
0.9871036410331726
0.852812647819519
0.9752095341682434
0.9088667035102844
0.802784264087677
0.8748844265937805
0.9975870847702026
0.981285810470581
0.998489499092102
0.9999986886978149
0.5704025626182556
0.9955449104309082
0.9878368973731995
0.994400680065155
0.9976488947868347
0.8124912977218628
0.999994158744812
0.9544695019721985
0.573063850402832
1.0
0.9676364660263062
0.8967605233192444
0.9713301062583923
0.9934797286987305
0.9837190508842468
1.0
0.5747488141059875
0.9509403109550476
0.9996988773345947
0.9967455863952637
0.9852113723754883
0.9787718057632446
0.8374977707862854
0.9997463822364807
0.905134379863739
0.7906094193458557
0.5841066837310791
0.9997273087501526
0.9920098781585693
0.8062134981155396
0.999923586845398
0.9999786615371704
0.6582009196281433
0.9999984502792358
0.8160060048103333
0.7281349897384644
0.9645030498504639
0.9269031882286072
0.9764983654022217
0.50238436460495
0.9978187084197998
0.990830659866333
0.9999206066131592
0.9946225881576538
0.9710907340049744
0.9999182224273682
0.9999719858169556
0.9999985694885254
0.5932732820510864
0.9999991655349731
0.9999997615814209
0.9999866485595703
0.9960971474647522
0.8995530009269714
0.9998303651809692
0.999998927116394
0.5475795269012451
0.7638738751411438
0.9461247324943542
0.99916672706604
0.9131696820259094
0.6128194332122803
0.9999650716781616
0.998946487903595
0.9988697171211243
1.0
0.7204021215438843
0.9998101592063904
0.8225237727165222
0.7390038371086121
0.9945939183235168
0.9960823655128479
0.668371319770813
0.9917913675308228
0.45174747705459595
0.9899579882621765
0.9999969005584717
0.9999622106552124
0.9408531188964844
0.9983805418014526
0.9166234731674194
0.980918824672699
0.8445923924446106
0.9594141840934753
0.97950279712677
0.9627503156661987
0.9998456239700317
0.9878860712051392
0.998915433883667
0.5102769732475281
0.49729907512664795
0.9536282420158386
0.9991650581359863
0.9777812361717224
0.9999240636825562
0.7617029547691345
0.933549702167511
0.7946727871894836
0.8671746850013733
0.9869387149810791
0.9926891922950745
0.9971839785575867
0.9998206496238708
0.8849945068359375
0.9999998807907104
0.5262255072593689
0.40521618723869324
0.9997269511222839
0.9499497413635254
0.8922154903411865
0.9027112126350403
0.8408278226852417
0.984836995601654
0.9983709454536438
0.9841761589050293
0.9998606443405151
0.6560532450675964
0.984363853931427
0.8469890356063843
0.9849953055381775
0.9444341659545898
0.9971014857292175
0.9313826560974121
0.8427404165267944
0.8862673044204712
0.5202153325080872
0.7653821110725403
0.8551976680755615
0.9999866485595703
0.9999639987945557
0.9995220899581909
0.771067202091217
0.8959651589393616
0.9969745874404907
0.42889416217803955
0.9978138208389282
0.9999803304672241
0.9723090529441833
0.9998539686203003
0.9325699210166931
0.9789705872535706
0.9855602383613586
0.635557234287262
0.8732474446296692
0.49073395133018494
0.5833403468132019
0.9038417935371399
0.7782445549964905
0.9179357290267944
0.9999966621398926
0.8567182421684265
0.8586548566818237
0.7400727868080139
1.0
0.9254986643791199
0.9869970083236694
0.9999651908874512
0.5592918992042542
0.9943317174911499
0.9471750855445862
0.9999685287475586
0.9998188614845276
0.9257083535194397
0.9997338652610779
0.9968355298042297
0.983595609664917
0.3895205855369568
0.69761061668396
0.9970718622207642
0.43174999952316284
0.4851919114589691
0.6181474924087524
0.9948089122772217
0.7850456833839417
0.9997352957725525
0.9927311539649963
0.7156959772109985
0.9999468326568604
0.9971216320991516
0.9974470138549805
0.999993085861206
0.8373492360115051
0.7543398141860962
0.8078216910362244
0.9709407687187195
0.9842499494552612
0.9969422221183777
0.9921506643295288
0.9995912909507751
0.9791151285171509
0.9999998807907104
0.6970463395118713
0.9757216572761536
0.9973388314247131
0.999645471572876
0.9880905151367188
0.9423128962516785
0.9983553290367126
0.9993758797645569
0.8938003778457642
0.9988095760345459
0.4924963116645813
0.7878000140190125
0.973942756652832
0.879046618938446
0.7749144434928894
0.9985596537590027
1.0
0.8274311423301697
0.5128317475318909
0.9997313618659973
0.930716872215271
0.9997623562812805
0.9999942779541016
0.9999890327453613
0.8813803791999817
0.8744978904724121
0.35312753915786743
0.9634732604026794
0.9589293003082275
0.9415557980537415
0.7694916129112244
0.9999997615814209
0.8216444849967957
0.5741022825241089
0.9957079887390137
0.9653473496437073
0.7703028321266174
0.8584303259849548
0.9988036155700684
0.9724757671356201
0.913910984992981
0.9993129968643188
0.7183753252029419
0.9838852882385254
0.7464203834533691
0.9696547985076904
0.9854958653450012
0.9999384880065918
0.8291434049606323
0.9973899722099304
0.9948447942733765
0.9933131337165833
0.9998902082443237
0.9437691569328308
0.9999750852584839
0.9954323768615723
0.9999895095825195
0.8692042827606201
0.999993085861206
0.9701734781265259
0.9992939233779907
0.5068284869194031
0.9999315738677979
0.9894781708717346
0.7482705116271973
0.999347984790802
0.9999998807907104
0.9997255206108093
0.9999730587005615
1.0
1.0
0.9989193677902222
0.9976397752761841
0.9319630861282349
0.9661983251571655
0.575517475605011
0.47917231917381287
0.9058297872543335
0.9637297987937927
0.6023590564727783
0.9859206080436707
0.7114353179931641
0.980889618396759
0.775070071220398
0.9616294503211975
0.6131807565689087
0.9805389642715454
0.6208588480949402
0.9998323917388916
0.9959145188331604
0.9981050491333008
0.9959405660629272
0.9997876286506653
0.54253751039505
0.4063214063644409
0.9505259394645691
0.8194552659988403
0.9714367389678955
0.8863956928253174
0.8501812815666199
0.9999994039535522
0.7852630615234375
0.6823287010192871
0.8268587589263916
0.9991928935050964
0.9823203086853027
0.9999878406524658
0.9956197142601013
0.9967993497848511
0.7250895500183105
0.9999998807907104
0.5053449869155884
0.5967538952827454
0.8000707030296326
0.39083757996559143
0.9870603084564209
0.4814107418060303
0.5822934508323669
0.9998530149459839
0.9971544742584229
0.9994889497756958
0.9999983310699463
0.9941592216491699
0.9999806880950928
0.9993184804916382
0.4121468663215637
0.995749831199646
0.9868738055229187
0.9361671209335327
0.9990660548210144
0.7803096175193787
0.9251559376716614
0.9571241140365601
0.8289362192153931
0.9947044253349304
0.999474823474884
0.7553102374076843
0.721574068069458
0.987531840801239
0.9065254926681519
0.8289580941200256
0.8947591781616211
0.995930016040802
0.38154539465904236
0.933042585849762
0.8736644387245178
0.9999003410339355
0.9999412298202515
0.7486473917961121
0.9999922513961792
0.9970769882202148
0.9931774139404297
0.9999964237213135
0.957976758480072
0.861967921257019
0.9371122121810913
0.9849956631660461
0.9545849561691284
0.9918147921562195
0.9976515173912048
0.9993595480918884
0.9386381506919861
0.962352991104126
0.7413432002067566
0.9253188967704773
0.9959281086921692
0.7247450351715088
0.9852625131607056
0.998345136642456
0.9743597507476807
0.9959796667098999
0.9999325275421143
0.6124555468559265
0.9996871948242188
0.9571234583854675
0.9957858920097351
0.9978869557380676
0.5301944613456726
0.9873175024986267
0.9993776679039001
0.9846401214599609
0.9997532963752747
0.9999979734420776
0.9908260703086853
0.49462345242500305
0.6623749136924744
0.9992832541465759
0.5294433832168579
0.7767587304115295
0.8264114856719971
0.5731768608093262
0.9901210069656372
0.9999858140945435
0.7640324831008911
0.9827176928520203
0.5093709230422974
0.9453694224357605
0.8087340593338013
0.9997428059577942
0.9999513626098633
0.9904564023017883
0.8424638509750366
0.9895058274269104
0.9762993454933167
0.8337150812149048
0.9614883661270142
0.9839911460876465
0.9751352667808533
0.9488113522529602
0.9898942112922668
0.8723109364509583
0.9993941783905029
0.9990231990814209
0.974811315536499
0.999889612197876
0.9994120597839355
0.9999964237213135
0.7107260227203369
0.9994649291038513
0.9952638149261475
0.9584521651268005
0.5922760963439941
0.5907256603240967
0.9967235922813416
0.9776055216789246
0.989849328994751
0.6404417157173157
0.9942951798439026
0.9323813319206238
0.9502565264701843
0.6850625872612
0.9424612522125244
0.9999501705169678
0.998172402381897
0.9979717135429382
0.9709824919700623
0.999818742275238
0.9849934577941895
0.9984323382377625
0.7990623712539673
0.9999908208847046
0.44794854521751404
0.9986556768417358
0.9999967813491821
1.0
0.8780075311660767
0.9491152763366699
0.9999094009399414
0.9998666048049927
0.9282260537147522
0.866878867149353
0.9520364999771118
0.9527695178985596
0.7752069234848022
0.932178795337677
0.9999938011169434
0.9990707039833069
0.7750427722930908
0.7621124386787415
0.7191269993782043
1.0
0.9582503437995911
0.5720177888870239
0.574173092842102
0.9993261098861694
0.9866200685501099
0.8255435228347778
0.6831241250038147
0.996892511844635
0.9944644570350647
0.953173816204071
0.9165218472480774
0.9999982118606567
0.5345199704170227
0.4812246561050415
0.9987149238586426
0.996817946434021
0.9998249411582947
0.9988486766815186
0.579387903213501
0.7235064506530762
0.9864411950111389
0.6056508421897888
0.9576355814933777
0.9950183629989624
0.5427789092063904
0.9984762072563171
0.9999411106109619
0.659588634967804
0.9261859655380249
0.9854957461357117
0.9995498061180115
0.7283965349197388
0.9035063982009888
0.5176553726196289
0.9999997615814209
0.7119271755218506
0.6610321998596191
0.7168474197387695
0.999997615814209
0.6318772435188293
0.9863839745521545
0.999535083770752
0.977172315120697
0.9282565712928772
0.9639865159988403
0.9474504590034485
1.0
0.9999997615814209
0.9987457990646362
0.6871938705444336
0.9999902248382568
0.9570179581642151
0.5797842741012573
0.9970279335975647
0.9993680119514465
0.458031564950943
0.9986118078231812
0.9986599683761597
0.8766892552375793
0.9999260902404785
0.9999996423721313
0.8565319180488586
0.638800323009491
0.5491538047790527
0.9880147576332092
0.9339447617530823
0.9999896287918091
0.9993854761123657
0.9990166425704956
0.8527523875236511
0.9467396140098572
0.7504478096961975
0.676132082939148
0.946658730506897
0.45705389976501465
0.731635570526123
0.9695932865142822
0.9982220530509949
0.9999899864196777
0.9869778752326965
0.6503007411956787
0.9999959468841553
0.9834533333778381
0.9330047965049744
0.9986281394958496
0.9692269563674927
0.9635571241378784
0.8659633994102478
0.9459109902381897
0.9014954566955566
0.9799847602844238
0.8883200883865356
0.9999687671661377
0.5694568157196045
0.9866688251495361
0.9758093953132629
0.9241030216217041
0.8338664174079895
0.9289515614509583
0.7850958704948425
0.6469730138778687
0.9725285172462463
0.9985131621360779
0.9664815068244934
0.6405644416809082
0.9606231451034546
0.9937386512756348
0.8555689454078674
0.9999774694442749
0.6723917126655579
0.9037491679191589
0.565218985080719
0.7351011633872986
0.9999154806137085
0.9829909801483154
0.9847593903541565
0.6440925002098083
0.9999322891235352
0.9263335466384888
0.5781137347221375
0.7488641142845154
0.891543447971344
0.676619827747345
0.8311185240745544
0.9975603818893433
0.8157074451446533
0.9995269775390625
0.9939036965370178
0.9968996047973633
0.7105205059051514
0.9999809265136719
0.8151811957359314
0.9505370259284973
0.8572804927825928
0.9900786876678467
0.9474612474441528
0.9910139441490173
0.44878026843070984
0.9999855756759644
0.9018356204032898
1.0
1.0
0.8156918883323669
0.9999443292617798
0.9792757034301758
0.5974333882331848
0.9841616153717041
0.9971598386764526
0.8009723424911499
0.9914687871932983
0.6973970532417297
0.8775878548622131
0.8390271663665771
0.9999970197677612
0.7160661220550537
0.9997735619544983
0.9989752769470215
0.9969227910041809
0.5857553482055664
0.9999102354049683
0.9551578760147095
0.9340558648109436
0.981124758720398
0.9922979474067688
0.9127902388572693
0.8581182360649109
0.5660189986228943
0.9999914169311523
0.9967963099479675
0.6853761672973633
0.9390445351600647
0.9962601661682129
0.982297420501709
0.88628089427948
0.9996739625930786
0.9950902462005615
0.9957018494606018
0.996081531047821
0.8656086921691895
0.827538251876831
0.9861014485359192
0.8913610577583313
0.988135814666748
0.9999915361404419
0.7720627784729004
0.8292229771614075
0.925581157207489
0.9961563944816589
0.9999593496322632
0.8456143736839294
0.5262884497642517
0.8789557814598083
0.8321959972381592
0.7512131333351135
0.8927521109580994
0.8032910823822021
0.9447005987167358
0.999772846698761
0.8541516661643982
0.963340699672699
0.9895367622375488
0.9141873717308044
0.5217402577400208
0.8163055181503296
0.9401022791862488
0.9177989363670349
0.9999738931655884
0.9989209175109863
0.9201714992523193
0.6066620945930481
0.9837685227394104
0.999995231628418
0.9933057427406311
0.9956814050674438
0.9723026156425476
0.5000575184822083
0.6786882281303406
1.0
0.993595540523529
0.9780870676040649
0.8950746059417725
0.9714023470878601
0.9963632225990295
0.9637941718101501
0.9997854828834534
0.771252453327179
0.9988190531730652
0.6448144912719727
0.9843920469284058
0.9002945423126221
0.9999988079071045
0.6714492440223694
0.9558665156364441
0.9660460948944092
0.9995784163475037
0.9997320771217346
0.7537699937820435
0.8038668036460876
0.9921978116035461
0.9983252882957458
0.4895658493041992
0.9947037100791931
0.9993089437484741
0.9284693002700806
0.9997312426567078
0.5632163882255554
0.8942922353744507
0.6137439608573914
0.9698497653007507
0.9564697742462158
0.9917816519737244
0.5027185082435608
0.980405330657959
0.8917408585548401
0.9742891192436218
