0.16953520476818085
0.16956661641597748
0.1702207326889038
0.16975541412830353
0.16908128559589386
0.16922307014465332
0.16933125257492065
0.1700536608695984
0.16994689404964447
0.16980795562267303
0.17108970880508423
0.1691516488790512
0.1785392463207245
0.1690060794353485
0.16900765895843506
0.16913878917694092
0.16956695914268494
0.16944843530654907
0.16892331838607788
0.1701817363500595
0.16914521157741547
0.17006802558898926
0.16936054825782776
0.16826580464839935
0.16878415644168854
0.1705397665500641
0.16921751201152802
0.17161928117275238
0.17308013141155243
0.17600712180137634
0.17282699048519135
0.17648129165172577
0.17281606793403625
0.173923060297966
0.16997046768665314
0.16976092755794525
0.1693916618824005
0.16836297512054443
0.1686561554670334
0.1711851954460144
0.1730446219444275
0.17011791467666626
0.17481938004493713
0.17127729952335358
0.17147815227508545
0.16977740824222565
0.17129896581172943
0.16868431866168976
0.16914264857769012
0.16891086101531982
0.16989368200302124
0.16936953365802765
0.17019487917423248
0.17203781008720398
0.17235048115253448
0.17163875699043274
0.17182014882564545
0.1704082041978836
0.169964000582695
0.17232611775398254
0.16991852223873138
0.17182226479053497
0.17327335476875305
0.17354798316955566
0.1693691611289978
0.1743139624595642
0.16887444257736206
0.174183651804924
0.16967375576496124
0.16979487240314484
0.16863785684108734
0.16966834664344788
0.1693790853023529
0.16900600492954254
0.17409677803516388
0.16962949931621552
0.16978903114795685
0.169333353638649
0.16861172020435333
0.1720382124185562
0.1686772257089615
0.1703929901123047
0.16877256333827972
0.16908521950244904
0.17046332359313965
0.17001491785049438
0.16901850700378418
0.16979528963565826
0.1685227006673813
0.1687997281551361
0.16871033608913422
0.16924986243247986
0.16923941671848297
0.16841553151607513
0.16923080384731293
0.1725182831287384
0.16861554980278015
0.16863805055618286
0.1690438687801361
0.16883288323879242
0.16931533813476562
0.16915909945964813
0.16861863434314728
0.16947926580905914
0.1717008650302887
0.16985327005386353
0.16948220133781433
0.17201213538646698
0.16981905698776245
0.1690363883972168
0.17007681727409363
0.16972105205059052
0.16912177205085754
0.16884899139404297
0.16867627203464508
0.16889768838882446
0.1693095713853836
0.16892988979816437
0.16891717910766602
0.16928733885288239
0.1703849583864212
0.168728768825531
0.16987735033035278
0.16921955347061157
0.17046405375003815
0.17097017168998718
0.1694372296333313
0.1694037914276123
0.17099379003047943
0.1695617288351059
0.17092549800872803
0.1695801317691803
0.1687903106212616
0.16902628540992737
0.168922558426857
0.1693156361579895
0.17168672382831573
0.1682700216770172
0.16905340552330017
0.16876786947250366
0.16902504861354828
0.1686127483844757
0.16892001032829285
0.16951416432857513
0.1685064136981964
0.17034797370433807
0.17110450565814972
0.17138703167438507
0.17087996006011963
0.16946512460708618
0.16959896683692932
0.17174041271209717
0.16872170567512512
0.1716988980770111
0.16836696863174438
0.16845735907554626
0.16837280988693237
0.16969554126262665
0.16984553635120392
0.1691306233406067
0.16992786526679993
0.16934645175933838
0.1705472767353058
0.1709911972284317
0.17024794220924377
0.16868937015533447
0.16867698729038239
0.17014043033123016
0.17090733349323273
0.16866539418697357
0.1685815304517746
0.16874797642230988
0.169865220785141
0.16840553283691406
0.1683422476053238
0.1711970716714859
0.17028041183948517
0.16767199337482452
0.16869771480560303
0.16850724816322327
0.17035634815692902
0.1708301603794098
0.16872310638427734
0.16933469474315643
0.1690429300069809
0.16941653192043304
0.1680273711681366
0.16863983869552612
0.16901895403862
0.17007020115852356
0.16924862563610077
0.16872303187847137
0.16889579594135284
0.1684141457080841
0.168745219707489
0.16883303225040436
0.171237975358963
0.16962814331054688
0.16945864260196686
0.16975055634975433
0.1689135581254959
0.16932892799377441
0.17036958038806915
0.1703055500984192
0.16932538151741028
0.17066697776317596
0.16890765726566315
0.16966697573661804
0.16863535344600677
0.17033205926418304
0.17254430055618286
0.16895955801010132
0.1689985990524292
0.16892839968204498
0.17033016681671143
0.16995003819465637
0.16926142573356628
0.1697707623243332
0.17152562737464905
0.17071464657783508
0.1689867079257965
0.1695278435945511
0.16901154816150665
0.16901962459087372
0.16930395364761353
0.1701016128063202
0.16968047618865967
0.1695469319820404
0.17006170749664307
0.16965456306934357
0.16958695650100708
0.16856156289577484
0.16880694031715393
0.16964146494865417
0.16935954988002777
0.16888314485549927
0.16908907890319824
0.16855068504810333
0.169380784034729
0.17372700572013855
0.16812467575073242
0.16913388669490814
0.17024856805801392
0.16954761743545532
0.16826169192790985
0.17072436213493347
0.16930820047855377
0.16865022480487823
0.17250393331050873
0.16945907473564148
0.16999846696853638
0.17218680679798126
0.16909317672252655
0.16920876502990723
0.16960641741752625
0.16929411888122559
0.171735942363739
0.16932764649391174
0.16951292753219604
0.16883592307567596
0.16927793622016907
0.16911694407463074
0.16919437050819397
0.17065171897411346
0.1704506278038025
0.16903702914714813
0.16898486018180847
0.16932065784931183
0.16893233358860016
0.1691204160451889
0.16883060336112976
0.1712685525417328
0.1701800525188446
0.17017920315265656
0.16874632239341736
0.17060793936252594
0.17016418278217316
0.16968423128128052
0.17132382094860077
0.1709415167570114
0.17346563935279846
0.1682702600955963
0.1681288331747055
0.17262355983257294
0.17056675255298615
0.17015418410301208
0.17034479975700378
0.16871148347854614
0.1692105084657669
0.16879260540008545
0.16938234865665436
0.1699455976486206
0.16898204386234283
0.16929595172405243
0.16920578479766846
0.1713387817144394
0.16897855699062347
0.1717473715543747
0.16902635991573334
0.17105139791965485
0.16834156215190887
0.17181526124477386
0.1726868450641632
0.16978609561920166
0.16793960332870483
0.1687186062335968
0.16857531666755676
0.16983938217163086
0.1727420836687088
0.16934384405612946
0.16845275461673737
0.17160895466804504
0.16931761801242828
0.1705826371908188
0.17105881869792938
0.17237013578414917
0.1681099683046341
0.17048844695091248
0.17425160109996796
0.1718026101589203
0.17121462523937225
0.16886237263679504
0.17261071503162384
0.1692524254322052
0.17076043784618378
0.1687859296798706
0.16866905987262726
0.16919578611850739
0.1698751449584961
0.1706249713897705
0.17076176404953003
0.17034375667572021
0.1689906120300293
0.1681826263666153
0.16932670772075653
0.16820505261421204
0.16880914568901062
0.17346800863742828
0.1695547252893448
0.17413556575775146
0.16936388611793518
0.1687902957201004
0.16829447448253632
0.1678840070962906
0.16905276477336884
0.17131632566452026
0.1696559488773346
0.16829092800617218
0.16864468157291412
0.17168796062469482
0.16812311112880707
0.1675928235054016
0.1683165580034256
0.16835325956344604
0.1717984825372696
0.16878895461559296
0.17067784070968628
0.17048580944538116
0.17299628257751465
0.17039082944393158
0.1697360724210739
0.16813373565673828
0.168374702334404
0.17603197693824768
0.16978073120117188
0.1690787971019745
0.16881076991558075
0.17114025354385376
0.16880826652050018
0.16924506425857544
0.1688707172870636
0.16913054883480072
0.17214764654636383
0.1689572036266327
0.17055583000183105
0.1686856597661972
0.17158746719360352
0.17145977914333344
0.17607124149799347
0.1757698804140091
0.1720312237739563
0.1697021871805191
0.16993887722492218
0.17050497233867645
0.16872957348823547
0.17045997083187103
0.1727576106786728
0.16987250745296478
0.16931024193763733
0.16985788941383362
0.17393624782562256
0.17283892631530762
0.17080362141132355
0.1700533628463745
0.16844864189624786
0.16997094452381134
0.16911038756370544
0.16962291300296783
0.16979192197322845
0.16830067336559296
0.1682998239994049
0.16896502673625946
0.1692114770412445
0.16980041563510895
0.1722516417503357
0.1693197339773178
0.16936902701854706
0.16816559433937073
0.17124761641025543
0.16886360943317413
0.16877217590808868
0.1686393916606903
0.16879744827747345
0.1693059653043747
0.16936010122299194
0.17725659906864166
0.16937212646007538
0.17393645644187927
0.16838115453720093
0.16883255541324615
0.16995972394943237
0.1690661758184433
0.1686292439699173
0.1682438999414444
0.16903837025165558
0.16987094283103943
0.16928721964359283
0.16980192065238953
0.16959844529628754
0.17039388418197632
0.16867130994796753
0.16847184300422668
0.1693863570690155
0.16950657963752747
0.17060160636901855
0.16765861213207245
0.16763868927955627
0.1711922138929367
0.1690393090248108
0.1732117235660553
0.1711651235818863
0.16960635781288147
0.170339435338974
0.16836410760879517
0.16962100565433502
0.17247985303401947
0.17054133117198944
0.1720290333032608
0.16933491826057434
0.1678759604692459
0.16906677186489105
0.16880010068416595
0.16949881613254547
0.1700572967529297
0.1686859279870987
0.17079761624336243
0.16868193447589874
0.16947981715202332
0.16946649551391602
0.16927477717399597
0.17120622098445892
0.16990143060684204
0.1677870750427246
0.16941873729228973
0.16917310655117035
0.1695585548877716
0.16907860338687897
0.16914379596710205
0.16894198954105377
0.16954560577869415
0.16903012990951538
0.16999343037605286
0.17115500569343567
0.16832885146141052
0.16881144046783447
0.1693643480539322
0.17413707077503204
0.17208236455917358
0.16956540942192078
0.16875675320625305
0.16844506561756134
0.17045745253562927
0.1719956248998642
0.16969822347164154
0.16850508749485016
0.1693969964981079
0.1684732288122177
0.16978996992111206
0.17165499925613403
0.17251479625701904
0.16935625672340393
0.16895738244056702
0.1706383377313614
0.16933545470237732
0.1676904857158661
0.16874989867210388
0.16773228347301483
0.17064602673053741
0.17157846689224243
0.16961722075939178
0.170225590467453
0.1698562055826187
0.168923020362854
0.17229415476322174
0.1702258288860321
0.16859669983386993
0.17627336084842682
0.16894909739494324
0.17075705528259277
0.1690271943807602
0.1690571904182434
0.1699797660112381
0.16827642917633057
0.16908392310142517
0.16788999736309052
0.16991305351257324
0.16945555806159973
0.17171232402324677
0.17107714712619781
0.17561064660549164
0.17441841959953308
0.17381598055362701
0.16931627690792084
0.1685996949672699
0.17268742620944977
0.1708628237247467
0.16851840913295746
0.1728833168745041
0.16901837289333344
0.17112600803375244
0.16978231072425842
0.17398056387901306
0.16818904876708984
0.16928957402706146
0.169794961810112
0.169541597366333
0.16880489885807037
0.16834037005901337
0.17151543498039246
0.16871319711208344
0.16833209991455078
0.1693466156721115
0.16972443461418152
0.17428900301456451
0.168849378824234
0.17368656396865845
0.1725771129131317
0.1695404052734375
0.16988009214401245
0.17074421048164368
0.1686486303806305
0.16894620656967163
0.16942384839057922
0.16845960915088654
0.16923779249191284
0.16896004974842072
0.16861273348331451
0.16789360344409943
0.16933226585388184
0.16977165639400482
0.17143385112285614
0.17104917764663696
0.1690342277288437
0.1720956563949585
0.16880415380001068
0.17008383572101593
0.16896314918994904
0.17215977609157562
0.16914750635623932
0.16887255012989044
0.17277346551418304
0.16986680030822754
0.1719219833612442
0.1694418340921402
0.16928702592849731
0.17078985273838043
0.17059849202632904
0.16973678767681122
0.16813711822032928
0.17187106609344482
0.16938374936580658
0.16912682354450226
0.1679479330778122
0.16926316916942596
0.16974666714668274
0.1709974855184555
0.17031671106815338
0.17097671329975128
0.16969288885593414
0.17255675792694092
0.16915234923362732
0.16829487681388855
0.170742467045784
0.17067492008209229
0.1690235733985901
0.16787320375442505
0.17062625288963318
0.17275354266166687
0.1695696860551834
0.1691543012857437
0.16979128122329712
0.1684761941432953
0.1695433259010315
0.17122437059879303
0.16878162324428558
0.17069116234779358
0.1747685819864273
0.16967365145683289
0.170265331864357
0.17009337246418
0.1692013144493103
0.1715134084224701
0.16987331211566925
0.16877786815166473
0.17186741530895233
0.17000125348567963
0.17078590393066406
0.17013266682624817
0.17040345072746277
0.17159444093704224
0.17109976708889008
0.1694989949464798
0.17071926593780518
0.17064067721366882
0.16909529268741608
0.1702740341424942
0.1717560589313507
0.17546972632408142
0.17543603479862213
0.1690056473016739
0.17163631319999695
0.16928057372570038
0.16928960382938385
0.17048892378807068
0.16953851282596588
0.16931258141994476
0.17391853034496307
0.17100796103477478
0.16829845309257507
0.17239907383918762
0.16879113018512726
0.1694413125514984
0.16907444596290588
0.17111621797084808
0.17007891833782196
0.1707524061203003
0.16978438198566437
0.1685718297958374
0.16936279833316803
0.17215703427791595
0.1678299903869629
0.17046217620372772
0.16878095269203186
0.1731753945350647
0.16861116886138916
0.16843228042125702
0.1688927561044693
0.16964775323867798
0.17079435288906097
0.1691102385520935
0.16956660151481628
0.170888289809227
0.17021630704402924
0.17250439524650574
0.16984930634498596
0.16870123147964478
0.16835947334766388
0.16901923716068268
0.1687748283147812
0.1696237027645111
0.17088274657726288
0.16863135993480682
0.16840234398841858
0.1682456135749817
0.1718977391719818
0.168341726064682
0.16947828233242035
0.16953812539577484
0.16899119317531586
0.1706061065196991
0.17002324759960175
0.17056536674499512
0.169062539935112
0.169755220413208
0.16843347251415253
0.16904062032699585
0.17131254076957703
0.17765262722969055
0.16953617334365845
0.1695369929075241
0.16849663853645325
0.1683851182460785
0.1687554121017456
0.16923105716705322
0.1681370735168457
0.17719407379627228
0.17170237004756927
0.16926944255828857
0.17137518525123596
0.17054666578769684
0.16915801167488098
0.16844810545444489
0.16878677904605865
0.17114213109016418
0.16913153231143951
0.16913332045078278
0.1684606671333313
0.1686166226863861
0.16799521446228027
0.17118802666664124
0.16880333423614502
0.17070215940475464
0.16908086836338043
0.17002491652965546
0.1691673845052719
0.1717112809419632
0.1694539189338684
0.17327333986759186
0.174095019698143
0.16856855154037476
0.16888457536697388
0.17141872644424438
0.16838151216506958
0.16953147947788239
0.1714438945055008
0.16976121068000793
0.17224909365177155
0.16982515156269073
0.16864971816539764
0.1699901968240738
0.16894087195396423
0.16902108490467072
0.16953043639659882
0.17052608728408813
0.16849854588508606
0.16835612058639526
0.16922064125537872
0.16879652440547943
0.17206203937530518
0.1695735603570938
0.1685190498828888
0.16874276101589203
0.16849038004875183
0.16831348836421967
0.16978676617145538
0.1717502772808075
0.1693163365125656
0.16780157387256622
0.16880524158477783
0.17135412991046906
0.17342990636825562
0.16798186302185059
0.16947995126247406
0.17140042781829834
0.16834188997745514
0.16789838671684265
0.1682794690132141
0.1687069833278656
0.16976578533649445
0.16978316009044647
0.1698274463415146
0.17099498212337494
0.16760429739952087
0.16830436885356903
0.16939184069633484
0.16929364204406738
0.16837015748023987
0.16923311352729797
0.17185525596141815
0.16836464405059814
0.16991890966892242
0.17050960659980774
0.17183814942836761
0.17421790957450867
0.16958223283290863
0.16806891560554504
0.17425882816314697
0.1690693497657776
0.16851477324962616
0.16892540454864502
0.1710343211889267
0.17305029928684235
0.16916967928409576
0.17019431293010712
0.16984064877033234
0.1704803705215454
0.17527875304222107
0.16913501918315887
0.1694854199886322
0.17196103930473328
0.17042237520217896
0.1756402552127838
0.16985714435577393
0.1708664894104004
0.16879907250404358
0.17107824981212616
0.1693728268146515
0.1683601289987564
0.16917483508586884
0.16860482096672058
0.16794803738594055
0.1689101755619049
0.170488640666008
0.16810894012451172
0.16911225020885468
0.17149505019187927
0.16875413060188293
0.17151077091693878
0.1692892163991928
0.16929969191551208
0.17159487307071686
0.16820041835308075
0.16964852809906006
0.1700308471918106
0.1684449464082718
0.17101173102855682
0.16825729608535767
0.17046162486076355
0.170761376619339
0.16882255673408508
0.1685132533311844
0.1680167317390442
0.16972146928310394
0.17218582332134247
0.16859804093837738
0.1690834015607834
0.169218972325325
0.17195962369441986
0.17078830301761627
0.16998036205768585
0.17118977010250092
0.16963355243206024
0.17141619324684143
0.16914869844913483
0.1708211749792099
0.1690370738506317
0.16961538791656494
0.16917957365512848
0.1750144511461258
0.16922008991241455
0.171341672539711
0.1724698692560196
0.1734878271818161
0.17012876272201538
0.16918452084064484
0.17133894562721252
0.1693217158317566
0.1688772588968277
0.17047512531280518
0.16884198784828186
0.1693713366985321
0.1715773642063141
0.1703115701675415
0.16932372748851776
0.16781295835971832
0.16821600496768951
0.16991034150123596
0.1712019145488739
0.16949181258678436
0.16963252425193787
0.16877146065235138
0.16935500502586365
0.17027081549167633
0.16956199705600739
0.1680566668510437
0.1686331033706665
0.1683393269777298
0.16880559921264648
0.16892115771770477
0.17293398082256317
0.16825756430625916
0.17010071873664856
0.16868916153907776
0.16983982920646667
0.17057867348194122
0.1714920997619629
0.17323194444179535
0.17000454664230347
0.16862764954566956
0.1719563603401184
0.16815708577632904
0.17401620745658875
0.1693895012140274
0.1690136343240738
0.16894207894802094
0.1701570600271225
0.1676511913537979
0.16977986693382263
0.17138314247131348
0.1708570420742035
0.17105603218078613
0.17014172673225403
0.16972744464874268
0.16875393688678741
0.1701766401529312
0.16869159042835236
0.17084240913391113
0.17132079601287842
0.1692405790090561
0.1690729707479477
0.16943439841270447
0.170232355594635
0.16927839815616608
0.1705944985151291
0.17068129777908325
0.169580340385437
0.16883808374404907
0.17334216833114624
0.16970618069171906
0.16847948729991913
0.16986070573329926
0.17057335376739502
0.16863420605659485
0.16852156817913055
0.16904345154762268
0.16966934502124786
0.16944830119609833
0.16920529305934906
0.16844569146633148
0.16934692859649658
0.16824638843536377
0.16791610419750214
0.1719881296157837
0.16907823085784912
0.16900567710399628
0.17357107996940613
0.17142371833324432
0.16843636333942413
0.16898289322853088
0.1683361530303955
0.170936718583107
0.1715870201587677
0.16925731301307678
0.1682010293006897
0.17208123207092285
0.1688479781150818
0.17548951506614685
0.16866469383239746
0.17245230078697205
0.17084725201129913
0.17027120292186737
0.16899333894252777
0.1695784032344818
0.1716674268245697
0.16833315789699554
0.16909575462341309
0.16910012066364288
0.17077556252479553
0.17126621305942535
0.16919904947280884
0.1688980609178543
0.16965928673744202
0.17379601299762726
0.1694716215133667
0.17123673856258392
0.17310495674610138
0.171275794506073
0.1689910590648651
0.1740773618221283
0.16924095153808594
0.16907411813735962
0.16843175888061523
0.16946756839752197
0.16777467727661133
0.1702631711959839
0.17438241839408875
0.16977046430110931
0.16868607699871063
0.16907508671283722
0.16937856376171112
0.16939760744571686
0.17045314610004425
0.16849158704280853
0.16874435544013977
0.1699807196855545
0.1703161895275116
0.17093540728092194
0.17105381190776825
0.16861604154109955
0.1710287183523178
0.1703605353832245
0.1735261231660843
0.17182278633117676
0.16843022406101227
0.16902512311935425
0.1716829389333725
0.17108696699142456
0.16776737570762634
0.171787291765213
0.16872723400592804
0.16968373954296112
0.16988839209079742
0.16936400532722473
0.16889120638370514
0.16963842511177063
0.16839531064033508
0.16873249411582947
0.16930809617042542
0.16962102055549622
0.16854074597358704
0.16881529986858368
0.17141211032867432
0.16871078312397003
0.17132078111171722
0.17040999233722687
0.17045138776302338
0.17120599746704102
0.1697506606578827
0.17203818261623383
0.168079674243927
0.1682465821504593
0.1683109700679779
0.1721368283033371
0.17022202908992767
0.16897128522396088
0.1721297800540924
0.16945357620716095
0.16909518837928772
0.16808921098709106
0.168975830078125
0.17205068469047546
0.16857793927192688
0.17084954679012299
0.16902554035186768
0.16885021328926086
0.16906660795211792
0.16929127275943756
0.16935937106609344
0.16911247372627258
0.1686815619468689
0.16800890862941742
0.17008045315742493
0.16855202615261078
0.16870449483394623
0.16911014914512634
0.1673041731119156
0.16922862827777863
0.16945841908454895
0.1719696968793869
0.17060425877571106
0.16900870203971863
0.17350567877292633
0.16929517686367035
0.17239433526992798
0.1746125966310501
0.17003099620342255
0.16841578483581543
0.1691138744354248
0.1681659072637558
0.16954286396503448
0.17016209661960602
0.16917654871940613
0.1687154769897461
0.1684480607509613
0.17152036726474762
0.17275340855121613
0.16800253093242645
0.16961798071861267
0.1699679046869278
0.1696823686361313
0.16857114434242249
0.16926710307598114
0.17233026027679443
0.16944654285907745
0.16848769783973694
0.1694229692220688
0.16878096759319305
0.16868385672569275
0.1710822582244873
0.1688232421875
0.16870813071727753
0.17445343732833862
0.16864602267742157
0.16913391649723053
0.1714026778936386
0.1712062656879425
0.16968941688537598
0.17138200998306274
0.16940619051456451
0.16964422166347504
0.16940481960773468
0.17075017094612122
0.1685614138841629
0.17047449946403503
0.17125149071216583
0.17088988423347473
0.17007580399513245
0.1687057763338089
0.1773405820131302
0.16933171451091766
0.17096616327762604
0.16863299906253815
0.16838718950748444
0.1702795922756195
0.16816146671772003
0.17389032244682312
0.1692124754190445
0.1684550940990448
0.1686127781867981
0.1685568243265152
0.16905057430267334
0.16900663077831268
0.16898243129253387
0.16905303299427032
0.17071501910686493
0.1687190681695938
0.16873085498809814
0.1694164127111435
0.1685967743396759
0.16901902854442596
0.16934186220169067
0.1689893901348114
0.16845738887786865
0.17069754004478455
0.16915205121040344
0.16890612244606018
0.1695144772529602
0.16938990354537964
0.16925257444381714
0.16952024400234222
0.16919323801994324
0.1686955988407135
0.16939979791641235
0.16963793337345123
0.16863054037094116
0.1693519651889801
0.16951370239257812
0.16925644874572754
0.16948796808719635
0.1699097752571106
0.1697089821100235
0.1686524599790573
0.1696089804172516
0.16860699653625488
0.17111510038375854
0.1700124442577362
0.16936855018138885
0.1694784313440323
0.17000620067119598
0.1702480912208557
0.17062076926231384
0.1704714447259903
0.16876207292079926
0.16929328441619873
0.169534832239151
0.16917771100997925
0.17103873193264008
0.17001450061798096
0.1701137125492096
0.16992710530757904
0.1704329550266266
0.16958661377429962
0.16876660287380219
0.1692853718996048
0.16840043663978577
0.17053627967834473
0.16997073590755463
0.16936396062374115
0.1688862442970276
0.1689154952764511
0.16950005292892456
0.1686243712902069
0.16855019330978394
0.16980329155921936
0.16989415884017944
0.1698899120092392
0.1691455841064453
0.16979433596134186
0.16814665496349335
0.1692579835653305
0.16896981000900269
0.16892755031585693
0.17003874480724335
0.1698838621377945
0.16928105056285858
0.16817057132720947
0.16952629387378693
0.1688191443681717
0.16947589814662933
0.16870759427547455
0.16847723722457886
0.16852369904518127
0.16877686977386475
0.16886043548583984
0.16975896060466766
0.1701686680316925
0.16886679828166962
0.16863517463207245
0.16950269043445587
0.168425053358078
0.17177633941173553
0.1691422462463379
0.16874127089977264
0.1689877063035965
0.1683686226606369
0.16833101212978363
0.16987954080104828
0.1692395657300949
0.16918201744556427
0.1700509935617447
0.1697435975074768
0.168838232755661
0.1696065068244934
0.1689576655626297
0.16953477263450623
0.16909508407115936
0.16909241676330566
0.17081324756145477
0.17262563109397888
0.1691194623708725
0.17141415178775787
0.16862712800502777
0.16859835386276245
0.1686246246099472
0.16937197744846344
0.1696622669696808
0.16982989013195038
0.16907858848571777
0.16902415454387665
0.16874627768993378
0.169178768992424
0.16923372447490692
0.16905325651168823
0.16937638819217682
0.17086181044578552
0.16884666681289673
0.172284334897995
0.17032738029956818
0.16898754239082336
0.169125497341156
0.1695660650730133
0.1685330867767334
0.16982115805149078
0.17319925129413605
0.16828058660030365
0.17083673179149628
0.1690068244934082
0.16937637329101562
0.16971829533576965
0.16907890141010284
0.16901712119579315
0.1698642373085022
0.17046454548835754
0.1684027910232544
0.1684015393257141
0.16885732114315033
0.16853651404380798
0.16954320669174194
0.1683233082294464
0.16934500634670258
0.16864709556102753
0.16833621263504028
0.16938182711601257
0.1695510447025299
0.16928526759147644
0.1691431999206543
0.16816756129264832
0.16920726001262665
0.16927257180213928
0.16975322365760803
0.16919642686843872
0.1708037406206131
0.16936802864074707
0.17120400071144104
0.1684327870607376
0.16970790922641754
0.16765780746936798
0.1685199737548828
0.16953705251216888
0.1683076173067093
0.16907456517219543
0.16799837350845337
0.1679554134607315
0.16778694093227386
0.16794000566005707
0.16924893856048584
0.16871173679828644
0.17275206744670868
0.16788610816001892
0.16775088012218475
0.16829195618629456
0.1688808649778366
0.16872429847717285
0.16909432411193848
0.16796782612800598
0.17242786288261414
0.16916827857494354
0.16972507536411285
0.1702406257390976
0.16795553267002106
0.16923788189888
0.1685444861650467
0.16867908835411072
0.16886396706104279
0.1679525077342987
0.16806179285049438
0.17056633532047272
0.16761979460716248
0.16746407747268677
0.1694241762161255
0.16873793303966522
0.16879184544086456
0.1692783683538437
0.16957497596740723
0.16825546324253082
0.1689472794532776
0.16793732345104218
0.16815422475337982
0.16857661306858063
0.16854937374591827
0.16999304294586182
0.1683996468782425
0.1679246425628662
0.1680598109960556
0.1694452166557312
0.16853784024715424
0.16877973079681396
0.1682865172624588
0.16782476007938385
0.1686394214630127
0.1679726392030716
0.16816294193267822
0.16995881497859955
0.16903546452522278
0.16751240193843842
0.16980381309986115
0.16980554163455963
0.16785994172096252
0.16817548871040344
0.16904528439044952
0.16858406364917755
0.1673019975423813
0.16964790225028992
0.168432354927063
0.16995759308338165
0.16710253059864044
0.16940967738628387
0.16865664720535278
0.16794739663600922
0.16705948114395142
0.16905273497104645
0.1685480922460556
0.16916067898273468
0.16965462267398834
0.16866588592529297
0.169459730386734
0.16795006394386292
0.1673792004585266
0.169542133808136
0.16827385127544403
0.16808059811592102
0.1686301976442337
0.16971632838249207
0.16809552907943726
0.16840073466300964
0.16776679456233978
0.16961607336997986
0.16839370131492615
0.16862232983112335
0.1681721806526184
0.1688271313905716
0.16800393164157867
0.16892260313034058
0.16844484210014343
0.16949205100536346
0.16826218366622925
0.1684008538722992
0.1684611290693283
0.16781410574913025
0.16903536021709442
0.1679997593164444
0.169371098279953
0.1690029352903366
0.16779319941997528
0.1684439480304718
0.1691434383392334
0.16898687183856964
0.16930246353149414
0.16850963234901428
0.16929863393306732
0.1674363613128662
0.17186632752418518
0.169120654463768
0.16772575676441193
0.16967906057834625
0.17021842300891876
0.16837137937545776
0.1694694310426712
0.1675625741481781
0.16910088062286377
0.169310063123703
0.16910912096500397
0.1702084243297577
0.16937804222106934
0.16947178542613983
0.1682477593421936
0.16992944478988647
0.16890786588191986
0.16798481345176697
0.167999267578125
0.16877569258213043
0.16907738149166107
0.16834013164043427
0.16829276084899902
0.16844265162944794
0.16884618997573853
0.17143495380878448
0.16947218775749207
0.16907793283462524
0.16929009556770325
0.16826298832893372
0.16733093559741974
0.16881553828716278
0.16770580410957336
0.16911888122558594
0.16918683052062988
0.1696939319372177
0.16976772248744965
0.16787083446979523
0.16816096007823944
0.16914696991443634
0.16790743172168732
0.16739128530025482
0.16863034665584564
0.16958342492580414
0.16795854270458221
0.17101837694644928
0.16941826045513153
0.16871222853660583
0.1691562980413437
0.1699644774198532
0.17217706143856049
0.1685764342546463
0.16806653141975403
0.1687299758195877
0.16955719888210297
0.16864116489887238
0.16790258884429932
0.16731572151184082
0.1682901531457901
0.16820569336414337
0.1695169061422348
0.16855137050151825
0.16988681256771088
0.17274460196495056
0.1678490787744522
0.16800229251384735
0.16968569159507751
0.16962525248527527
0.16962218284606934
0.16713906824588776
0.1677912473678589
0.16953682899475098
0.16986770927906036
0.1676185578107834
0.16914522647857666
0.16857899725437164
0.1689070165157318
0.16763117909431458
0.16868102550506592
0.16885711252689362
0.1697748899459839
0.1686200052499771
0.16907672584056854
0.1688886433839798
0.16986225545406342
0.16953523457050323
0.16804610192775726
0.16852957010269165
0.16902479529380798
0.16768909990787506
0.16861185431480408
0.1683712750673294
0.16872505843639374
0.1682816594839096
0.16779989004135132
0.16821403801441193
0.17034077644348145
0.16829431056976318
0.1680448204278946
0.1693216860294342
0.16849666833877563
0.1689251810312271
0.16887176036834717
0.1693764626979828
0.16841331124305725
0.16766394674777985
0.16897325217723846
0.1684872955083847
0.16818109154701233
0.16791972517967224
0.17007353901863098
0.16811509430408478
0.16959039866924286
0.16906513273715973
0.16801032423973083
0.1682167500257492
0.16847865283489227
0.16889385879039764
0.16932828724384308
0.1680082380771637
0.16859807074069977
0.1704675555229187
0.16845940053462982
0.16757243871688843
0.16932184994220734
0.16845011711120605
0.1699114888906479
0.16769427061080933
0.16811659932136536
0.1674027293920517
0.16755835711956024
0.16858573257923126
0.16841065883636475
0.16742008924484253
0.1694359928369522
0.16789987683296204
0.16735833883285522
0.1684494912624359
0.16794142127037048
0.16841328144073486
0.16923993825912476
0.1684941202402115
0.16858381032943726
0.16793416440486908
0.16792438924312592
0.16916528344154358
0.16887952387332916
0.16821523010730743
0.1680832952260971
0.1687813401222229
0.168490931391716
0.17042388021945953
0.1689894050359726
0.1689179390668869
0.1673206090927124
0.16892987489700317
0.16822780668735504
0.16821710765361786
0.16820181906223297
0.16946467757225037
0.16782598197460175
0.16882948577404022
0.16906483471393585
0.16740599274635315
0.16838644444942474
0.16769914329051971
0.16740673780441284
0.16826049983501434
0.1689213514328003
0.16875791549682617
0.16859155893325806
0.16859471797943115
0.16866977512836456
0.16867917776107788
0.16936840116977692
0.16953538358211517
0.16806872189044952
0.168975830078125
0.16926069557666779
0.1687181293964386
0.16992473602294922
0.16979748010635376
0.16872842609882355
0.16733545064926147
0.1685982197523117
0.1697159856557846
0.1707368940114975
0.16894827783107758
0.1677074432373047
0.1696305125951767
0.16802771389484406
0.16777659952640533
0.16789302229881287
0.16900168359279633
0.16792334616184235
0.16926254332065582
0.16838334500789642
0.16836799681186676
0.16860811412334442
0.1691243201494217
0.16837215423583984
0.1692744940519333
0.16833744943141937
0.1679905503988266
0.16850735247135162
0.16840358078479767
0.16909995675086975
0.16879035532474518
0.169161856174469
0.1683560609817505
0.16849319636821747
0.1688590794801712
0.16748695075511932
0.1692488044500351
0.1688138097524643
0.16993112862110138
0.16762539744377136
0.16871704161167145
0.1686720848083496
0.1682128757238388
0.16901102662086487
0.1685182899236679
0.16841265559196472
0.16889135539531708
0.16751240193843842
0.16776692867279053
0.1680476814508438
0.16925975680351257
0.16809740662574768
0.16919542849063873
0.1687077283859253
0.16914288699626923
0.16876938939094543
0.16935956478118896
0.16881495714187622
0.16808559000492096
0.16876697540283203
0.16873754560947418
0.16867730021476746
0.16803845763206482
0.1687999963760376
0.16807545721530914
0.17006522417068481
0.16887478530406952
0.1688569337129593
0.16823294758796692
0.16929639875888824
0.1683472841978073
0.16934484243392944
0.16902483999729156
0.1688082218170166
0.1688113808631897
0.1716286987066269
0.16939501464366913
0.16931837797164917
0.1693577617406845
0.16899748146533966
0.1674838811159134
0.16791509091854095
0.16855557262897491
0.16880367696285248
0.16817715764045715
0.17004241049289703
0.16802503168582916
0.16758133471012115
0.16790002584457397
0.16937921941280365
0.16896399855613708
0.1690022051334381
0.1692272126674652
0.16841192543506622
0.16864655911922455
0.16926544904708862
0.1687067151069641
0.16964472830295563
0.16854949295520782
0.168964222073555
0.16928812861442566
0.1678256392478943
0.16936741769313812
0.17034904658794403
0.16904115676879883
0.16954442858695984
0.16828304529190063
0.16811008751392365
0.16775216162204742
0.16846798360347748
0.16913190484046936
0.16807876527309418
0.1682632863521576
0.16925810277462006
0.1697297841310501
0.16922970116138458
0.1679011732339859
0.16805650293827057
0.1684848964214325
0.1672402024269104
0.16719071567058563
0.1680506020784378
0.1689341515302658
0.16768689453601837
0.16890989243984222
0.1681510955095291
0.16935768723487854
0.16967108845710754
0.1681770384311676
0.16737015545368195
0.1679261028766632
0.16842728853225708
0.16916047036647797
0.16874733567237854
0.16925688087940216
0.16810739040374756
0.16790568828582764
0.16848433017730713
0.1697387844324112
0.1693193018436432
0.1696985363960266
0.16948318481445312
0.1684112399816513
0.16858036816120148
0.16984814405441284
0.1671522855758667
0.167612686753273
0.16828544437885284
0.16953407227993011
0.16799403727054596
0.16810943186283112
0.16879044473171234
0.16866756975650787
0.16817520558834076
0.1691744178533554
0.16800656914710999
0.167579784989357
0.16896897554397583
0.1679094433784485
0.16993147134780884
0.16827675700187683
0.1689322292804718
0.16862869262695312
0.16909083724021912
0.16877901554107666
0.17073634266853333
0.16944298148155212
0.16913633048534393
0.16795338690280914
0.16917863488197327
0.16987955570220947
0.1691976636648178
0.16885098814964294
0.1686277836561203
0.1686127632856369
0.16898640990257263
0.16786044836044312
0.16796472668647766
0.17219267785549164
0.1685982346534729
0.16921666264533997
0.16942302882671356
0.168409526348114
0.16862165927886963
0.17044703662395477
0.16757537424564362
0.16775664687156677
0.16762569546699524
0.16874857246875763
0.16837488114833832
0.16789333522319794
0.16912341117858887
0.16887953877449036
0.17005978524684906
0.1676844209432602
0.16792017221450806
0.17068161070346832
0.1683904379606247
0.16894105076789856
0.1677638739347458
0.16794107854366302
0.1693090796470642
0.1676119565963745
0.169320210814476
0.16832305490970612
0.16840378940105438
0.16827279329299927
0.16844338178634644
0.167868509888649
0.1707264930009842
0.17032429575920105
0.16797181963920593
0.16905046999454498
0.169148251414299
0.16934910416603088
0.16816195845603943
0.1680748015642166
0.16834133863449097
0.17018288373947144
0.16844309866428375
0.16988907754421234
0.1707124561071396
0.1702945977449417
0.16920171678066254
0.1691751778125763
0.1690991073846817
0.16854888200759888
0.1700206845998764
0.16812348365783691
0.16745811700820923
0.1682116836309433
0.1690516471862793
0.17098651826381683
0.16766542196273804
0.16918957233428955
0.16979292035102844
0.16885828971862793
0.16809231042861938
0.16812238097190857
0.16874751448631287
0.1691027134656906
0.1679542064666748
0.16963467001914978
0.17041374742984772
0.16777966916561127
0.16921596229076385
0.1673482209444046
0.16831329464912415
0.1680283546447754
0.167961984872818
0.17237849533557892
0.16770106554031372
0.170064777135849
0.16812895238399506
0.16869454085826874
0.16779132187366486
0.16856548190116882
0.16835205256938934
0.1685066968202591
0.16937747597694397
0.16884297132492065
0.16808781027793884
0.16795653104782104
0.16951444745063782
0.16895632445812225
0.1686420738697052
0.16974474489688873
0.16847167909145355
0.16965697705745697
0.16889463365077972
0.16987797617912292
0.1678704470396042
0.16869112849235535
0.1678713709115982
0.16803862154483795
0.1677902787923813
0.1700844168663025
0.16797427833080292
0.16771931946277618
0.16922646760940552
0.16837702691555023
0.16867788136005402
0.16893325746059418
0.16917866468429565
0.169111430644989
0.16893725097179413
0.16840218007564545
0.17009277641773224
0.1690082997083664
0.16918742656707764
0.16777940094470978
0.16955487430095673
0.1686541587114334
0.16911505162715912
0.16912634670734406
0.1676609069108963
0.1680455356836319
0.1688033938407898
0.16806071996688843
0.16858482360839844
0.16867059469223022
0.1680528223514557
0.16765263676643372
0.16744449734687805
0.16832512617111206
0.16896764934062958
0.16912324726581573
0.16990771889686584
0.16913306713104248
0.16763323545455933
0.16815625131130219
0.169622004032135
0.16956831514835358
0.16830842196941376
0.16894258558750153
0.16819290816783905
0.16781994700431824
0.16973571479320526
0.1696571260690689
0.16756251454353333
0.16823527216911316
0.1678275465965271
0.16987085342407227
0.16911818087100983
0.16755090653896332
0.1692928969860077
0.1695842444896698
0.1706271767616272
0.16861145198345184
0.1679278016090393
0.1689927726984024
0.16799099743366241
0.16836106777191162
0.17323260009288788
0.16762660443782806
0.16991481184959412
0.16894572973251343
0.1685015708208084
0.1683230698108673
0.16812381148338318
0.1695006936788559
0.16863217949867249
0.1696581393480301
0.16880124807357788
0.16822516918182373
0.16793687641620636
0.1698361188173294
0.169181689620018
0.16898177564144135
0.16767820715904236
0.1694563627243042
0.16802911460399628
0.16881169378757477
0.1689615249633789
0.16925784945487976
0.16809894144535065
0.16935612261295319
0.1689826101064682
0.16802656650543213
0.16845600306987762
0.16920889914035797
0.17016343772411346
0.169860377907753
0.168007031083107
0.16910257935523987
0.16919563710689545
0.16911901533603668
0.1688752919435501
0.16737768054008484
0.16948556900024414
0.16989129781723022
0.1691141575574875
0.16853833198547363
0.1685834378004074
0.16876894235610962
0.16870011389255524
0.16764432191848755
0.1672455370426178
0.1679438352584839
0.16868963837623596
0.16904838383197784
0.16801172494888306
0.16825366020202637
0.16840548813343048
0.16848739981651306
0.16758711636066437
0.1689033806324005
0.1675391048192978
0.16868692636489868
0.16750666499137878
0.16811434924602509
0.16754429042339325
0.16938944160938263
0.1678847074508667
0.168981671333313
0.16776631772518158
0.16807781159877777
0.16754135489463806
0.16772913932800293
0.16926303505897522
0.16910071671009064
0.16762720048427582
0.16844473779201508
0.16912201046943665
0.16761337220668793
0.16754591464996338
0.1680341213941574
0.16899830102920532
0.16836120188236237
0.16840307414531708
0.16964372992515564
0.16968536376953125
0.1694379448890686
0.17023628950119019
0.16742339730262756
0.1696532815694809
0.16869761049747467
0.1685042530298233
0.1693333387374878
0.168234184384346
0.16907398402690887
0.1685153692960739
0.16863784193992615
0.1685141623020172
0.17009496688842773
0.1696656048297882
0.1688755452632904
0.16809050738811493
0.1679597645998001
0.16793251037597656
0.16818925738334656
0.16800051927566528
0.16910293698310852
0.16940678656101227
0.16856396198272705
0.17057092487812042
0.16879969835281372
0.16792482137680054
0.1679380238056183
0.1675012856721878
0.16975681483745575
0.16910536587238312
0.16807076334953308
0.16832080483436584
0.16974054276943207
0.16934776306152344
0.16941097378730774
0.16926828026771545
0.16816644370555878
0.16908535361289978
0.1683768332004547
0.16748978197574615
0.16839590668678284
0.169901043176651
0.16970808804035187
0.16784116625785828
0.16820581257343292
0.1687278002500534
0.16787536442279816
0.16756877303123474
0.1691979467868805
0.1685473918914795
0.16928540170192719
0.16941790282726288
0.16860048472881317
0.16952885687351227
0.16857868432998657
0.16840288043022156
0.1694735735654831
0.16804537177085876
0.16890160739421844
0.16887345910072327
0.16756238043308258
0.16914868354797363
0.16763757169246674
0.1684737652540207
0.16931845247745514
0.1691317856311798
0.16780801117420197
0.16956956684589386
0.16806165874004364
0.16755104064941406
0.16785556077957153
0.16834843158721924
0.16836422681808472
0.16837896406650543
0.168769970536232
0.1684066206216812
0.17030571401119232
0.16954801976680756
0.16884002089500427
0.16920483112335205
0.17002594470977783
0.16845664381980896
0.16840721666812897
0.16964784264564514
0.16952399909496307
0.16878393292427063
0.1672331541776657
0.16753841936588287
0.16845402121543884
0.16806915402412415
0.16905824840068817
0.16915050148963928
0.16949796676635742
0.1680890917778015
0.1673009693622589
0.1694876253604889
0.16954393684864044
0.16984909772872925
0.16767369210720062
0.16780586540699005
0.16854773461818695
0.1680939644575119
0.16785059869289398
0.1677989512681961
0.16803941130638123
0.16914311051368713
0.16940000653266907
0.16812023520469666
0.1689838320016861
0.16956084966659546
0.16819308698177338
0.1686282455921173
0.16818995773792267
0.1696774959564209
0.16788265109062195
0.16781160235404968
0.16827531158924103
0.16791433095932007
0.1678447425365448
0.16799086332321167
0.16884799301624298
0.1687251776456833
0.1681131273508072
0.16847863793373108
0.16923032701015472
0.16854098439216614
0.168728768825531
0.16826367378234863
0.16870202124118805
0.168249249458313
0.16813194751739502
0.16708903014659882
0.16869662702083588
0.1688021570444107
0.16962920129299164
0.1685812622308731
0.16936351358890533
0.16925254464149475
0.1687643676996231
0.16821995377540588
0.1695176213979721
0.16815370321273804
0.16751377284526825
0.16793619096279144
0.16925765573978424
0.16956979036331177
0.1682155281305313
0.16880233585834503
0.16877293586730957
0.16821454465389252
0.16806235909461975
0.1683567762374878
0.16869409382343292
0.1677078753709793
0.16792912781238556
0.16802643239498138
0.16981784999370575
0.1683381050825119
0.16780564188957214
0.16917784512043
0.1688385158777237
0.16884009540081024
0.167700856924057
0.16758529841899872
0.16832216084003448
0.16948555409908295
0.16902460157871246
0.1682758778333664
0.16888836026191711
0.16777841746807098
0.16974593698978424
0.16845808923244476
0.16743937134742737
0.1695893555879593
0.1691499948501587
0.1680554747581482
0.16877508163452148
0.16910579800605774
0.16792036592960358
0.16848844289779663
0.16768795251846313
0.16973303258419037
0.16820405423641205
0.16810213029384613
0.16782912611961365
0.17040333151817322
0.16794341802597046
0.16937747597694397
0.17004506289958954
0.16884462535381317
0.16890332102775574
0.16876809298992157
0.1680784970521927
0.16866151988506317
0.1685340851545334
0.16802547872066498
0.168618306517601
0.1671004742383957
0.16834737360477448
0.1699344515800476
0.1690015345811844
0.1682182252407074
0.16761313378810883
0.16802775859832764
0.16742375493049622
0.16958817839622498
0.16830749809741974
0.16813096404075623
0.16801422834396362
0.16882936656475067
0.16792477667331696
0.16782590746879578
0.1693376749753952
0.16837342083454132
0.16927379369735718
0.16969896852970123
0.17108099162578583
0.16956663131713867
0.16837280988693237
0.16951873898506165
0.16924762725830078
0.16847088932991028
0.16937488317489624
0.1682862788438797
0.169050395488739
0.1694505214691162
0.16864676773548126
0.17024369537830353
0.16767150163650513
0.16950801014900208
0.16905999183654785
0.1675623059272766
0.1693466156721115
0.16862145066261292
0.16697347164154053
0.16808155179023743
0.1691519320011139
0.1699722409248352
0.16818001866340637
0.16857555508613586
0.16864298284053802
0.16985303163528442
0.16849645972251892
0.16942062973976135
0.16823755204677582
0.16917233169078827
0.16811129450798035
0.16952849924564362
0.16798634827136993
0.16920284926891327
0.1693161129951477
0.1691029667854309
0.16980506479740143
0.16832241415977478
0.16907921433448792
0.16853997111320496
0.16983583569526672
0.16804388165473938
0.16954661905765533
0.16799680888652802
0.1693282127380371
0.1682014763355255
0.1677103340625763
0.1685526967048645
0.16982367634773254
0.16915366053581238
0.1684548258781433
0.16850078105926514
0.16843725740909576
0.16919156908988953
0.16874909400939941
0.1676987260580063
0.1690853089094162
0.16917528212070465
0.1693895012140274
0.16914737224578857
0.16951745748519897
0.16813848912715912
0.16950783133506775
0.16847458481788635
0.1681530475616455
0.16789425909519196
0.16917011141777039
0.1699439287185669
0.1690136045217514
0.1694817841053009
0.16891878843307495
0.1688890904188156
0.1688755452632904
0.1688777357339859
0.1683158576488495
0.1678656041622162
0.16829590499401093
0.16905425488948822
0.1691565066576004
0.16864725947380066
0.16820040345191956
0.16935443878173828
0.1678234338760376
0.16929590702056885
0.16812016069889069
0.168511763215065
0.16849398612976074
0.1675439327955246
0.16784265637397766
0.1704777181148529
0.16982167959213257
0.16913121938705444
0.16790899634361267
0.16822555661201477
0.16876164078712463
0.16933183372020721
0.16914218664169312
0.16929496824741364
0.16835051774978638
0.16815604269504547
0.16868117451667786
0.16753143072128296
0.16932359337806702
0.16867010295391083
0.16835713386535645
0.16926631331443787
0.1688769906759262
0.16741228103637695
0.16908259689807892
0.16793350875377655
0.16849690675735474
0.16842851042747498
0.169397234916687
0.1694057583808899
0.1693730354309082
0.16975846886634827
0.16875994205474854
0.16759957373142242
0.1689886748790741
0.16741958260536194
0.1679925173521042
0.16795913875102997
0.1676371842622757
0.16732415556907654
0.1679679900407791
0.16743144392967224
0.16970229148864746
0.1683863252401352
0.16876481473445892
0.1680215448141098
0.1685047447681427
0.1719038039445877
0.1671157032251358
0.16988258063793182
0.16979718208312988
0.168223038315773
0.1678718477487564
0.16792108118534088
0.16791987419128418
0.16930995881557465
0.16821172833442688
0.16806650161743164
0.1689281463623047
0.1687134951353073
0.1690182089805603
0.16881057620048523
0.1679520606994629
0.16803380846977234
0.16775618493556976
0.1698714792728424
0.1680276244878769
0.16862931847572327
0.16939637064933777
0.16795776784420013
0.1676163524389267
0.16878344118595123
0.1689903438091278
0.16708730161190033
0.16789865493774414
0.16880203783512115
0.16833947598934174
0.1676691472530365
0.16786573827266693
0.16853022575378418
0.167564257979393
0.16804279386997223
0.1690167933702469
0.1694265455007553
0.16780786216259003
0.1689116209745407
0.16968882083892822
0.16898268461227417
0.16853909194469452
0.168241485953331
0.16870363056659698
0.16918650269508362
0.16904747486114502
0.16776582598686218
0.17060968279838562
0.16895699501037598
0.16941288113594055
0.16848494112491608
0.169926255941391
0.16797782480716705
0.16893625259399414
0.16871944069862366
0.16729876399040222
0.1693100929260254
0.16935549676418304
0.16875381767749786
0.16905489563941956
0.16857559978961945
0.16822753846645355
0.1679380238056183
0.1699952632188797
0.1683117151260376
0.1686541885137558
0.16768603026866913
0.16929210722446442
0.16910047829151154
0.1689486801624298
0.16902419924736023
0.1705569326877594
0.16847755014896393
0.16987670958042145
0.16735896468162537
0.16930921375751495
0.16952070593833923
0.16855886578559875
0.1677166372537613
0.16755743324756622
0.16883932054042816
0.16848863661289215
0.16803638637065887
0.16972145438194275
0.17078307271003723
0.16823311150074005
0.1677374690771103
0.16908802092075348
0.16806744039058685
0.1696072220802307
0.1674395054578781
0.16974444687366486
0.16820697486400604
0.16836506128311157
0.16843317449092865
0.1680917590856552
0.16899310052394867
0.16819870471954346
0.1692429482936859
0.16819223761558533
0.17019319534301758
0.16872669756412506
0.16863587498664856
0.1682157665491104
0.16889625787734985
0.16895166039466858
0.16780038177967072
0.1716310679912567
0.16847072541713715
0.16821011900901794
0.17069581151008606
0.16834796965122223
0.16957853734493256
0.16847945749759674
0.16778522729873657
0.16849972307682037
0.16846665740013123
0.16825972497463226
0.1698378622531891
0.1678842306137085
0.16827847063541412
0.17018282413482666
0.1688523143529892
0.16910746693611145
0.1699337661266327
0.16937792301177979
0.16905763745307922
0.1683150976896286
0.16925226151943207
0.16764815151691437
0.16835518181324005
0.16802537441253662
0.16867320239543915
0.16938376426696777
0.16877152025699615
0.16935300827026367
0.16774581372737885
0.1692454069852829
0.16799524426460266
0.16762055456638336
0.16776716709136963
0.1687210649251938
0.1675572246313095
0.1680222749710083
0.16959577798843384
0.168129101395607
0.16885973513126373
0.17279931902885437
0.16762934625148773
0.16790059208869934
0.16926318407058716
0.16795337200164795
0.16918261349201202
0.16849039494991302
0.169761523604393
0.16900721192359924
0.16891391575336456
0.16998079419136047
0.16981373727321625
0.16911277174949646
0.16764286160469055
0.1718587726354599
0.16874274611473083
0.16805441677570343
0.16783426702022552
0.16923755407333374
0.16911177337169647
0.1677221655845642
0.16958321630954742
0.16871392726898193
0.16982689499855042
0.16841869056224823
0.16845214366912842
0.1679980456829071
0.16950275003910065
0.1674562394618988
0.16885529458522797
0.16932204365730286
